Index, Position, Quaternion, EulerAngles, Scale, Label
0, (-5.99, -0.34, -15.00), (-0.09291, 0.56161, 0.59865, 0.56353), (309.00, 56.00, 65.00), 2.097357, Screw5
0, (-0.68, 1.97, -15.00), (0.86282, 0.00884, -0.35369, 0.36106), (39.00, 231.00, 198.00), 1.519646, Screw3
0, (2.79, -2.95, -15.00), (0.74631, -0.28672, -0.35429, -0.48506), (292.00, 222.00, 193.00), 1.318435, Screw1
1, (1.80, -2.86, -15.00), (0.26546, 0.05740, 0.96235, 0.01121), (354.00, 31.00, 177.00), 2.082879, Screw3
2, (4.66, -2.94, -15.00), (-0.48147, 0.24371, 0.08516, 0.83758), (302.00, 38.00, 350.00), 1.048976, Screw4
2, (2.35, -1.02, -15.00), (-0.27414, 0.91538, 0.17746, 0.23546), (333.00, 158.00, 332.00), 1.812159, Screw3
3, (-1.59, 1.75, -15.00), (-0.36268, -0.49189, -0.05764, 0.78942), (321.00, 289.00, 20.00), 0.7589685, Screw5
4, (6.08, -1.29, -15.00), (0.18749, 0.75676, -0.41050, 0.47292), (53.00, 111.00, 350.00), 1.985825, Screw4
5, (2.48, -0.68, -15.00), (-0.32740, -0.56295, -0.67013, 0.35611), (279.00, 14.00, 224.00), 0.8540228, Screw5
5, (-5.40, 0.65, -15.00), (-0.58906, 0.58933, -0.34399, 0.43287), (354.00, 113.00, 274.00), 1.677074, Screw1
5, (-5.23, 1.16, -15.00), (-0.00850, 0.73608, 0.67679, -0.00850), (275.00, 196.00, 344.00), 2.134831, Screw3
6, (-4.97, 0.24, -15.00), (0.61576, 0.03846, 0.06291, 0.78447), (74.00, 30.00, 32.00), 2.849663, Screw5
7, (-1.03, 2.42, -15.00), (-0.61952, 0.38094, -0.28297, 0.62531), (326.00, 94.00, 275.00), 0.671881, Screw5
8, (-3.78, 0.11, -15.00), (-0.28897, -0.29952, 0.55177, 0.72273), (355.00, 311.00, 77.00), 2.60471, Screw1
8, (0.21, 1.92, -15.00), (0.25321, 0.13729, -0.58443, 0.75860), (33.00, 354.00, 283.00), 1.730306, Screw4
9, (-6.43, 2.33, -15.00), (0.17073, -0.14130, -0.22933, 0.94778), (15.00, 339.00, 330.00), 2.740304, Screw4
9, (-5.60, -0.92, -15.00), (-0.16532, 0.28834, 0.55914, 0.75954), (325.00, 18.00, 67.00), 1.647605, Screw1
10, (0.62, 0.51, -15.00), (0.22013, -0.71259, 0.58558, 0.31759), (77.00, 240.00, 15.00), 0.7034898, Screw1
10, (-6.70, -0.18, -15.00), (-0.87598, -0.24134, 0.37959, 0.17414), (353.00, 229.00, 146.00), 2.255011, Screw4
10, (6.14, -1.11, -15.00), (0.24167, 0.60297, 0.23231, 0.72392), (4.00, 81.00, 39.00), 0.6272756, Screw2
11, (-6.16, -0.41, -15.00), (-0.45774, -0.19796, 0.27621, 0.82158), (320.00, 311.00, 56.00), 1.86215, Screw2
11, (-5.58, 0.73, -15.00), (-0.09129, -0.72843, 0.64470, -0.21312), (78.00, 112.00, 317.00), 1.28029, Screw4
11, (4.96, -2.68, -15.00), (-0.53272, 0.01888, -0.82397, 0.19219), (350.00, 64.00, 200.00), 2.66851, Screw5
12, (5.30, -0.41, -15.00), (-0.22749, 0.26447, 0.81047, 0.47058), (320.00, 351.00, 123.00), 1.661364, Screw1
12, (3.84, 1.68, -15.00), (-0.62753, -0.50184, 0.42910, 0.41260), (355.00, 253.00, 99.00), 1.66682, Screw5
14, (-1.15, -0.22, -15.00), (0.18727, 0.28711, 0.44759, 0.82593), (3.00, 40.00, 58.00), 1.376808, Screw5
14, (-4.68, 1.61, -15.00), (-0.83383, -0.06159, 0.42322, 0.34902), (328.00, 242.00, 152.00), 2.102261, Screw4
15, (0.73, 1.80, -15.00), (-0.44585, 0.56348, -0.55077, -0.42469), (88.00, 159.00, 263.00), 1.019147, Screw4
15, (6.32, -1.76, -15.00), (-0.17867, 0.03372, 0.94868, 0.25872), (351.00, 341.00, 151.00), 1.096178, Screw3
15, (0.87, -1.71, -15.00), (-0.31803, 0.59871, -0.07557, 0.73123), (338.00, 85.00, 328.00), 2.192869, Screw5
16, (-3.05, 2.50, -15.00), (0.06775, 0.70127, -0.70514, -0.08002), (78.00, 272.00, 91.00), 0.7511253, Screw5
17, (2.54, 2.57, -15.00), (-0.70963, -0.51697, -0.46488, 0.11424), (320.00, 135.00, 125.00), 1.169782, Screw1
17, (0.57, 0.32, -15.00), (-0.59375, -0.14044, -0.64224, 0.46397), (313.00, 68.00, 219.00), 2.365242, Screw5
18, (4.59, 2.01, -15.00), (0.00909, 0.58020, 0.77191, 0.25969), (297.00, 44.00, 115.00), 1.867466, Screw5
18, (4.51, -2.91, -15.00), (0.25441, -0.68521, 0.64291, 0.22899), (86.00, 169.00, 309.00), 1.745521, Screw1
18, (-5.46, 2.78, -15.00), (0.01031, 0.58897, -0.80650, 0.05062), (72.00, 8.00, 193.00), 2.498867, Screw4
19, (-4.97, -0.30, -15.00), (-0.64506, 0.29381, 0.20025, 0.67637), (278.00, 92.00, 309.00), 2.475403, Screw5
19, (-4.47, -1.99, -15.00), (0.38169, 0.91050, -0.06215, 0.14642), (13.00, 167.00, 44.00), 2.393896, Screw1
21, (-1.48, 0.96, -15.00), (0.13013, -0.42299, 0.17206, 0.88008), (22.00, 311.00, 12.00), 2.878407, Screw3
21, (0.98, -0.95, -15.00), (0.65447, -0.07162, 0.11253, 0.74423), (82.00, 17.00, 32.00), 2.041181, Screw4
21, (-6.97, 1.68, -15.00), (0.69977, -0.33577, 0.37501, 0.50690), (74.00, 138.00, 199.00), 0.8356376, Screw2
22, (2.46, -2.62, -15.00), (-0.10199, 0.64437, -0.34647, 0.67405), (18.00, 81.00, 321.00), 0.8858812, Screw1
22, (5.02, -2.97, -15.00), (-0.81822, 0.23511, 0.24438, 0.46425), (299.00, 202.00, 199.00), 0.8632239, Screw2
22, (-4.71, -2.34, -15.00), (-0.60358, -0.37558, -0.36332, 0.60219), (271.00, 232.00, 65.00), 2.190691, Screw5
23, (-1.03, 2.24, -15.00), (-0.57592, -0.22122, -0.53933, 0.57315), (296.00, 57.00, 236.00), 1.061046, Screw3
23, (5.34, 0.67, -15.00), (-0.46372, -0.69443, -0.40094, 0.37679), (295.00, 201.00, 54.00), 0.9635179, Screw4
24, (5.83, -2.49, -15.00), (-0.09481, -0.68332, 0.71488, -0.11415), (87.00, 23.00, 220.00), 1.187219, Screw1
24, (-3.99, 2.01, -15.00), (-0.28693, -0.64463, -0.60746, 0.36486), (277.00, 272.00, 323.00), 2.995537, Screw4
25, (-0.60, 2.86, -15.00), (-0.25864, 0.34455, 0.53030, 0.73019), (312.00, 20.00, 63.00), 0.8929365, Screw2
25, (-6.86, -0.47, -15.00), (0.24191, 0.59364, 0.01090, 0.76743), (21.00, 79.00, 19.00), 2.933191, Screw3
26, (-0.94, -1.34, -15.00), (0.67747, -0.45438, -0.12131, 0.56556), (41.00, 244.00, 274.00), 2.246775, Screw3
26, (6.63, 0.59, -15.00), (0.06152, -0.26019, 0.94378, 0.19439), (31.00, 1.00, 157.00), 1.259681, Screw1
27, (3.17, -1.53, -15.00), (0.40972, 0.35218, 0.52165, 0.66029), (10.00, 65.00, 83.00), 1.927873, Screw3
28, (-4.71, 2.16, -15.00), (-0.61968, -0.23926, -0.09994, 0.74078), (285.00, 297.00, 35.00), 2.416867, Screw4
28, (-0.65, -0.97, -15.00), (0.06921, 0.41478, -0.90545, -0.05769), (48.00, 345.00, 166.00), 2.645445, Screw5
28, (3.23, 0.72, -15.00), (0.08371, -0.29912, -0.14624, 0.93922), (4.00, 324.00, 341.00), 1.060105, Screw1
29, (0.16, 0.60, -15.00), (0.12032, 0.95064, -0.12097, 0.25916), (17.00, 151.00, 10.00), 0.6455727, Screw5
29, (6.80, 2.34, -15.00), (0.67628, -0.07808, -0.56370, 0.46775), (33.00, 275.00, 229.00), 0.769067, Screw1
30, (-5.03, -2.91, -15.00), (-0.20945, 0.16633, 0.92329, 0.27568), (335.00, 341.00, 151.00), 1.032757, Screw2
30, (2.47, 1.10, -15.00), (-0.41664, 0.59383, 0.53453, 0.43364), (275.00, 127.00, 339.00), 1.388705, Screw5
31, (-3.79, -0.15, -15.00), (-0.03783, 0.48395, 0.86595, -0.12040), (304.00, 341.00, 206.00), 2.567706, Screw4
31, (-0.38, 2.43, -15.00), (-0.38770, 0.79376, 0.32427, 0.33836), (309.00, 153.00, 321.00), 2.476795, Screw3
32, (-2.00, -0.68, -15.00), (-0.02567, -0.75859, -0.63462, 0.14539), (284.00, 231.00, 323.00), 2.488426, Screw4
33, (4.35, -1.28, -15.00), (-0.68780, -0.58877, 0.13747, 0.40172), (337.00, 226.00, 89.00), 2.604559, Screw2
33, (4.17, -0.41, -15.00), (-0.08244, 0.35711, -0.20930, 0.90657), (0.00, 43.00, 334.00), 2.849515, Screw1
33, (-6.96, -0.60, -15.00), (-0.35826, 0.89801, 0.19612, 0.16361), (332.00, 170.00, 319.00), 2.539865, Screw3
34, (-6.29, 0.32, -15.00), (0.71139, 0.49442, 0.36110, -0.34509), (302.00, 161.00, 121.00), 2.578525, Screw5
34, (1.49, -2.57, -15.00), (-0.69527, -0.12886, -0.12886, 0.69527), (270.00, 339.00, 0.00), 1.917923, Screw1
34, (-5.91, 2.79, -15.00), (0.19525, -0.13665, 0.86919, 0.43327), (24.00, 14.00, 130.00), 1.485604, Screw2
35, (1.20, 1.36, -15.00), (0.06796, 0.15419, 0.19930, 0.96534), (4.00, 19.00, 24.00), 0.8200133, Screw2
36, (5.63, 0.61, -15.00), (0.39052, 0.79078, -0.06639, 0.46665), (28.00, 129.00, 39.00), 2.411337, Screw3
36, (0.29, 2.11, -15.00), (-0.23746, -0.81690, -0.32832, 0.41048), (313.00, 229.00, 10.00), 1.738784, Screw2
37, (-5.93, 1.23, -15.00), (-0.67239, -0.04672, 0.61878, 0.40351), (331.00, 276.00, 140.00), 1.197917, Screw1
37, (-5.23, 0.68, -15.00), (-0.08241, 0.93408, 0.10375, -0.33157), (352.00, 220.00, 347.00), 0.6850671, Screw5
37, (-3.12, 2.66, -15.00), (0.35207, -0.63098, -0.63292, -0.27808), (276.00, 245.00, 242.00), 0.6223783, Screw4
37, (-1.32, -1.40, -15.00), (0.66702, -0.02354, 0.37677, 0.64232), (61.00, 77.00, 111.00), 2.459769, Screw3
38, (0.40, 2.60, -15.00), (-0.43722, 0.45529, 0.66175, 0.40452), (287.00, 314.00, 152.00), 2.051749, Screw1
38, (-6.21, -1.34, -15.00), (0.84788, -0.51107, 0.13494, 0.04127), (12.00, 169.00, 241.00), 0.680712, Screw2
39, (-1.94, -0.75, -15.00), (0.14005, 0.90198, -0.32534, 0.24692), (41.00, 152.00, 7.00), 2.56719, Screw4
41, (-6.38, 2.63, -15.00), (0.66591, 0.58696, 0.43207, -0.15928), (314.00, 146.00, 112.00), 2.076442, Screw2
42, (-3.03, -0.37, -15.00), (0.23637, 0.20193, -0.87215, -0.37777), (10.00, 325.00, 130.00), 0.9137461, Screw3
42, (6.66, -0.60, -15.00), (-0.32619, -0.43368, -0.41966, 0.72760), (303.00, 319.00, 323.00), 1.922841, Screw5
43, (-0.73, -2.69, -15.00), (-0.72256, 0.09883, 0.07341, 0.68026), (274.00, 156.00, 218.00), 2.985533, Screw5
43, (-6.60, -0.55, -15.00), (0.53411, -0.43826, -0.38098, -0.61442), (278.00, 71.00, 0.00), 1.541593, Screw4
44, (-5.24, 2.47, -15.00), (-0.71214, 0.24298, 0.23953, 0.61355), (278.00, 198.00, 202.00), 2.495825, Screw1
44, (4.42, -2.36, -15.00), (-0.72418, 0.13750, 0.11998, 0.66503), (275.00, 174.00, 207.00), 1.567594, Screw4
45, (-1.46, 0.25, -15.00), (-0.66135, -0.37195, -0.06615, 0.64800), (295.00, 249.00, 74.00), 2.895185, Screw3
45, (3.88, -2.78, -15.00), (0.18773, 0.86015, 0.37885, 0.28524), (327.00, 131.00, 40.00), 1.953575, Screw1
46, (-5.33, 0.78, -15.00), (-0.00939, 0.67878, 0.73193, -0.05865), (277.00, 310.00, 234.00), 2.509263, Screw2
47, (-5.85, -1.68, -15.00), (-0.69035, 0.08005, 0.15305, 0.70256), (276.00, 289.00, 90.00), 1.430126, Screw4
47, (3.13, 1.98, -15.00), (-0.73592, 0.14040, -0.10400, 0.65414), (291.00, 110.00, 253.00), 0.8603906, Screw2
47, (0.43, -1.23, -15.00), (-0.62223, -0.49352, 0.59456, -0.12559), (48.00, 247.00, 136.00), 2.075283, Screw1
48, (-3.51, -1.57, -15.00), (0.20544, -0.19257, -0.41354, -0.86585), (329.00, 11.00, 48.00), 1.622658, Screw1
49, (-0.47, -1.20, -15.00), (-0.55623, 0.45542, 0.27632, 0.63785), (286.00, 97.00, 326.00), 1.11519, Screw3
50, (6.59, -2.56, -15.00), (0.34405, 0.00805, 0.07513, 0.93591), (40.00, 5.00, 11.00), 0.8970551, Screw3
51, (0.60, 0.16, -15.00), (-0.65591, 0.51678, -0.53076, 0.14499), (21.00, 115.00, 243.00), 2.596296, Screw2
51, (-2.62, 1.13, -15.00), (0.61101, -0.18171, -0.03660, 0.76962), (68.00, 300.00, 312.00), 1.92997, Screw1
52, (-2.02, 2.40, -15.00), (-0.61264, 0.12584, -0.13789, 0.76800), (295.00, 59.00, 300.00), 1.878903, Screw3
52, (5.46, -2.07, -15.00), (0.39055, 0.78190, -0.11212, 0.47279), (33.00, 129.00, 37.00), 2.35421, Screw1
53, (2.48, -2.45, -15.00), (0.10858, 0.47403, 0.08885, 0.86926), (6.00, 58.00, 15.00), 2.014351, Screw2
53, (-2.46, -2.31, -15.00), (-0.79043, 0.22469, -0.49987, 0.27361), (348.00, 111.00, 220.00), 1.423421, Screw4
53, (-5.69, -0.63, -15.00), (-0.36755, -0.88459, -0.28493, 0.03515), (328.00, 170.00, 48.00), 1.919315, Screw1
54, (-2.20, 0.95, -15.00), (-0.60140, 0.73336, -0.31655, -0.01705), (29.00, 156.00, 275.00), 1.147265, Screw5
54, (-6.80, -1.56, -15.00), (-0.30537, 0.34539, 0.44757, 0.76625), (309.00, 24.00, 49.00), 1.717594, Screw2
55, (-6.47, -1.78, -15.00), (-0.93335, 0.00408, -0.23777, 0.26889), (330.00, 149.00, 189.00), 0.747731, Screw4
56, (-0.16, 0.91, -15.00), (-0.04694, -0.75927, -0.64308, 0.08809), (280.00, 205.00, 346.00), 2.277758, Screw4
56, (5.42, 1.76, -15.00), (-0.36374, 0.48974, -0.77338, -0.17242), (62.00, 57.00, 191.00), 1.719366, Screw2
56, (1.23, 0.33, -15.00), (0.53234, 0.27999, -0.79123, -0.11037), (19.00, 287.00, 150.00), 1.455589, Screw5
57, (-0.35, 2.89, -15.00), (0.68290, 0.09735, 0.12173, 0.71369), (72.00, 81.00, 83.00), 1.425508, Screw5
58, (-5.88, 1.18, -15.00), (0.09001, 0.99027, -0.09242, -0.05220), (10.00, 187.00, 11.00), 2.826133, Screw2
58, (-3.50, -2.06, -15.00), (0.22005, 0.90575, -0.36026, 0.03753), (42.00, 187.00, 30.00), 2.828983, Screw5
59, (4.89, 2.95, -15.00), (-0.85432, 0.39838, -0.30253, 0.14107), (0.00, 141.00, 230.00), 1.900517, Screw4
59, (1.52, -2.89, -15.00), (-0.11633, 0.54992, 0.51758, 0.64511), (314.00, 58.00, 51.00), 2.851261, Screw3
59, (-0.84, -1.05, -15.00), (0.76261, -0.03148, 0.25665, 0.59293), (67.00, 115.00, 139.00), 2.397683, Screw1
59, (1.66, -0.80, -15.00), (0.23598, -0.08720, -0.93863, 0.23598), (357.00, 331.00, 209.00), 2.741056, Screw5
60, (-2.83, 0.04, -15.00), (-0.44005, 0.67063, -0.59141, -0.08270), (60.00, 125.00, 260.00), 1.007052, Screw1
60, (5.07, -2.05, -15.00), (0.90140, -0.37724, -0.20926, -0.03720), (347.00, 201.00, 223.00), 0.9787036, Screw2
61, (-5.99, 2.15, -15.00), (-0.13901, -0.76384, -0.58076, -0.24483), (305.00, 111.00, 60.00), 1.236731, Screw3
61, (5.90, 0.82, -15.00), (0.82169, 0.52594, 0.18377, -0.12013), (337.00, 169.00, 117.00), 1.697867, Screw5
62, (3.95, -0.32, -15.00), (0.37454, -0.33692, -0.85966, -0.08478), (320.00, 310.00, 188.00), 0.6503804, Screw5
62, (5.42, -0.08, -15.00), (0.71138, 0.03221, -0.31414, 0.62787), (66.00, 268.00, 239.00), 0.974772, Screw2
62, (1.74, -0.71, -15.00), (-0.49076, -0.54416, -0.53771, 0.41703), (276.00, 135.00, 125.00), 2.905076, Screw3
62, (1.06, -1.24, -15.00), (-0.51777, 0.51427, -0.62575, 0.27545), (21.00, 94.00, 250.00), 0.6035148, Screw4
63, (3.86, 0.00, -15.00), (-0.20703, 0.67747, 0.68175, 0.18272), (272.00, 264.00, 244.00), 2.227538, Screw4
63, (1.96, -0.42, -15.00), (0.50970, -0.46972, 0.25563, 0.67397), (68.00, 276.00, 339.00), 0.7455797, Screw3
64, (-2.14, -2.71, -15.00), (0.74884, -0.48013, 0.39726, 0.22559), (46.00, 147.00, 231.00), 1.50194, Screw4
64, (-0.75, -1.02, -15.00), (0.18202, -0.49115, 0.74739, 0.40873), (62.00, 344.00, 113.00), 2.498102, Screw1
64, (-1.75, 1.72, -15.00), (-0.37141, -0.00304, -0.23240, 0.89891), (318.00, 13.00, 326.00), 1.321169, Screw3
65, (-2.08, 2.65, -15.00), (-0.25799, -0.09946, -0.62905, 0.72653), (330.00, 12.00, 275.00), 1.286574, Screw5
65, (5.86, 0.67, -15.00), (0.88433, 0.10122, 0.45571, -0.00694), (354.00, 126.00, 170.00), 2.131036, Screw1
66, (-5.75, -1.01, -15.00), (-0.00855, 0.46766, -0.84711, 0.25223), (52.00, 24.00, 225.00), 2.408657, Screw1
66, (0.58, -2.64, -15.00), (0.03327, 0.47306, -0.52600, 0.70600), (33.00, 49.00, 302.00), 2.44442, Screw2
66, (-2.36, 2.59, -15.00), (-0.64994, 0.32909, -0.10711, 0.67662), (306.00, 96.00, 283.00), 2.408966, Screw3
67, (-3.17, 1.27, -15.00), (0.17194, -0.64669, 0.71747, 0.19358), (84.00, 358.00, 148.00), 2.215903, Screw2
67, (-5.90, -1.06, -15.00), (0.00000, -0.70711, 0.70711, 0.00000), (90.00, 180.00, 0.00), 1.404537, Screw1
68, (-1.17, -0.27, -15.00), (-0.40002, 0.38738, -0.25161, 0.79159), (334.00, 65.00, 308.00), 1.490729, Screw1
69, (5.97, -1.40, -15.00), (0.72533, -0.37856, 0.32718, 0.47279), (69.00, 161.00, 222.00), 1.429905, Screw2
69, (2.52, 2.34, -15.00), (-0.59345, 0.37207, 0.13756, 0.70033), (291.00, 87.00, 316.00), 1.09958, Screw1
69, (-6.16, -0.61, -15.00), (-0.43099, -0.32952, 0.16432, 0.82381), (323.00, 301.00, 44.00), 1.081778, Screw3
70, (-4.91, 1.32, -15.00), (0.45785, 0.52973, -0.55346, 0.45105), (88.00, 304.00, 204.00), 2.623729, Screw3
71, (-4.73, -1.61, -15.00), (-0.56664, -0.74522, -0.26190, 0.23446), (319.00, 184.00, 73.00), 1.466873, Screw2
71, (-0.58, -0.52, -15.00), (-0.87605, -0.17289, 0.21725, 0.39426), (322.00, 221.00, 143.00), 0.8134243, Screw3
72, (-6.13, 0.96, -15.00), (0.07185, 0.26707, -0.83112, -0.48244), (22.00, 336.00, 115.00), 1.530225, Screw4
72, (6.50, 2.47, -15.00), (-0.20106, 0.16658, -0.42315, 0.86762), (348.00, 28.00, 305.00), 0.7812667, Screw5
73, (2.24, -1.08, -15.00), (-0.82311, 0.13910, 0.23913, 0.49593), (298.00, 213.00, 179.00), 2.253321, Screw1
73, (1.71, -2.66, -15.00), (0.64975, -0.29733, 0.36536, 0.59660), (83.00, 100.00, 156.00), 2.522181, Screw3
74, (-3.55, -2.93, -15.00), (-0.71294, 0.28716, 0.63846, -0.04044), (342.00, 259.00, 209.00), 2.703859, Screw3
74, (4.27, 2.80, -15.00), (-0.78223, -0.07927, 0.26750, 0.55703), (304.00, 245.00, 131.00), 0.8108037, Screw5
74, (1.81, 0.00, -15.00), (-0.24878, -0.39813, 0.74878, -0.46789), (56.00, 0.00, 244.00), 2.111636, Screw1
75, (-1.53, -2.41, -15.00), (-0.22973, 0.73206, -0.64027, 0.03686), (67.00, 117.00, 281.00), 2.733251, Screw5
76, (3.89, 1.47, -15.00), (-0.59901, 0.21733, -0.66659, 0.38680), (350.00, 79.00, 232.00), 2.731078, Screw4
76, (5.09, -2.99, -15.00), (0.43520, -0.10053, -0.88306, 0.14385), (357.00, 307.00, 200.00), 1.679776, Screw1
77, (-6.55, 0.80, -15.00), (0.43050, 0.18370, 0.58232, 0.66470), (21.00, 53.00, 93.00), 1.196854, Screw1
77, (0.70, 1.47, -15.00), (0.53439, -0.33240, -0.65246, 0.42218), (1.00, 282.00, 245.00), 0.6441645, Screw4
78, (-0.73, -0.65, -15.00), (-0.49960, -0.64277, 0.34786, 0.46501), (359.00, 251.00, 75.00), 1.896011, Screw2
79, (0.38, -1.03, -15.00), (-0.40463, -0.60498, -0.67711, -0.10864), (313.00, 95.00, 111.00), 0.6392326, Screw4
79, (-1.36, -1.79, -15.00), (-0.75065, 0.02511, 0.15810, 0.64102), (284.00, 238.00, 137.00), 1.889725, Screw2
80, (-4.22, -0.96, -15.00), (-0.57674, 0.12414, 0.00914, 0.80739), (291.00, 32.00, 339.00), 1.983551, Screw5
80, (4.14, -2.56, -15.00), (0.26836, -0.60797, 0.12255, 0.73712), (33.00, 278.00, 350.00), 1.193048, Screw4
82, (-5.37, -2.70, -15.00), (0.37647, 0.21172, 0.29759, 0.85140), (31.00, 43.00, 51.00), 2.645219, Screw2
82, (-4.55, -1.00, -15.00), (-0.43822, 0.02353, -0.89849, -0.01148), (3.00, 52.00, 180.00), 2.254489, Screw5
83, (-0.77, 2.63, -15.00), (0.91026, -0.16010, -0.00145, 0.38183), (44.00, 190.00, 204.00), 2.16349, Screw2
84, (-6.08, 2.60, -15.00), (-0.51235, 0.50949, -0.53175, -0.44177), (84.00, 115.00, 210.00), 0.7899339, Screw1
85, (-5.72, 2.81, -15.00), (-0.82411, -0.44050, -0.08082, 0.34679), (320.00, 193.00, 119.00), 2.12892, Screw5
85, (-0.58, 1.84, -15.00), (-0.02090, 0.36598, -0.02927, 0.92993), (359.00, 43.00, 356.00), 2.803523, Screw1
85, (2.34, 1.36, -15.00), (0.13501, -0.69486, 0.70464, 0.04923), (83.00, 91.00, 256.00), 1.823121, Screw2
87, (5.68, 0.71, -15.00), (0.95777, -0.24631, 0.08391, 0.12232), (16.00, 174.00, 208.00), 2.132512, Screw2
87, (4.86, 0.58, -15.00), (-0.36243, 0.68355, 0.36529, 0.51765), (299.00, 114.00, 346.00), 2.700907, Screw4
88, (5.86, 0.45, -15.00), (0.29462, 0.44290, -0.08724, 0.84228), (35.00, 58.00, 8.00), 1.093888, Screw1
88, (1.13, -0.19, -15.00), (-0.57337, 0.38954, -0.66888, -0.26853), (56.00, 86.00, 189.00), 2.73356, Screw3
89, (-4.31, 1.25, -15.00), (-0.59242, 0.80176, -0.05366, 0.05789), (1.00, 171.00, 287.00), 2.963393, Screw3
89, (-4.31, -2.46, -15.00), (0.01590, -0.38501, -0.87338, -0.29786), (317.00, 16.00, 136.00), 2.463829, Screw1
90, (0.91, 0.17, -15.00), (0.51125, 0.58429, -0.32798, 0.53819), (69.00, 125.00, 43.00), 2.145197, Screw4
92, (-6.76, 1.25, -15.00), (-0.00185, -0.56149, -0.28736, 0.77598), (341.00, 293.00, 332.00), 2.396205, Screw2
92, (-5.09, 2.23, -15.00), (0.83155, -0.17926, -0.13246, 0.50876), (53.00, 222.00, 226.00), 1.809904, Screw1
92, (5.13, -0.98, -15.00), (0.44917, -0.37170, 0.00201, 0.81246), (47.00, 298.00, 331.00), 2.06406, Screw3
93, (0.90, -1.11, -15.00), (0.63735, 0.37111, -0.06699, 0.67200), (65.00, 102.00, 65.00), 2.080019, Screw5
93, (-6.45, 0.39, -15.00), (-0.38466, -0.59230, 0.61918, -0.34327), (86.00, 272.00, 154.00), 2.294905, Screw2
93, (-4.34, -1.06, -15.00), (-0.10452, -0.69934, 0.69934, -0.10452), (90.00, 163.00, 0.00), 1.934166, Screw1
94, (-3.94, 1.15, -15.00), (0.14231, 0.77496, -0.61351, 0.05282), (75.00, 201.00, 37.00), 2.841438, Screw3
94, (4.57, -1.33, -15.00), (-0.68284, 0.35180, 0.23145, 0.59699), (282.00, 150.00, 259.00), 2.283403, Screw1
95, (-4.58, 2.33, -15.00), (0.33275, -0.26064, 0.72600, -0.54246), (1.00, 50.00, 254.00), 0.6105549, Screw3
96, (2.70, 0.03, -15.00), (0.33781, -0.38602, -0.85378, -0.08909), (314.00, 313.00, 189.00), 1.595268, Screw5
97, (4.46, 1.63, -15.00), (0.43004, 0.72403, -0.38611, 0.37652), (62.00, 153.00, 45.00), 0.8005823, Screw3
97, (-1.60, 0.20, -15.00), (-0.29492, -0.52970, -0.62144, 0.49623), (288.00, 329.00, 280.00), 2.321941, Screw4
97, (-3.79, -2.41, -15.00), (-0.63407, -0.42029, -0.39783, 0.51288), (280.00, 155.00, 134.00), 2.007592, Screw1
98, (2.77, -0.51, -15.00), (-0.03790, 0.72329, 0.68780, 0.04841), (273.00, 160.00, 13.00), 0.6417143, Screw1
98, (3.28, -0.63, -15.00), (-0.58800, -0.33268, 0.64169, 0.36305), (0.00, 275.00, 121.00), 2.102843, Screw4
99, (0.27, -2.60, -15.00), (-0.53144, 0.60615, 0.53812, -0.24614), (337.00, 251.00, 261.00), 2.413797, Screw4
99, (-5.36, 1.87, -15.00), (0.75220, -0.03514, -0.02284, 0.65760), (81.00, 211.00, 212.00), 0.9479015, Screw2
99, (-3.95, -0.96, -15.00), (0.76238, -0.26708, -0.16249, 0.56661), (51.00, 241.00, 250.00), 2.380367, Screw1
100, (5.81, 0.78, -15.00), (0.11599, 0.72165, -0.67232, 0.11728), (86.00, 169.00, 8.00), 0.6965759, Screw5
100, (-2.96, 2.58, -15.00), (-0.40615, -0.05304, -0.40452, 0.81768), (315.00, 20.00, 299.00), 2.343545, Screw4
100, (-5.17, 1.54, -15.00), (0.44666, -0.57672, 0.55204, 0.40392), (86.00, 157.00, 263.00), 1.903858, Screw2
101, (-2.44, -2.03, -15.00), (0.25226, 0.76813, -0.55257, 0.20249), (72.00, 174.00, 32.00), 0.9159382, Screw2
101, (2.14, -1.22, -15.00), (0.62337, -0.35891, 0.62476, -0.30376), (4.00, 92.00, 236.00), 2.603194, Screw1
101, (0.90, -0.33, -15.00), (0.07899, 0.68520, -0.72079, 0.06879), (87.00, 338.00, 170.00), 1.471763, Screw3
102, (-2.25, 1.40, -15.00), (0.45552, 0.43596, -0.22783, 0.74198), (61.00, 65.00, 7.00), 2.11112, Screw3
103, (1.55, -1.52, -15.00), (-0.55508, -0.34147, -0.54820, 0.52418), (287.00, 59.00, 222.00), 2.193877, Screw3
103, (3.87, 2.57, -15.00), (0.52420, -0.49912, 0.46504, 0.50974), (87.00, 204.00, 290.00), 0.8465106, Screw1
104, (6.51, 2.67, -15.00), (0.06112, 0.00818, 0.00818, 0.99806), (7.00, 1.00, 1.00), 0.7050107, Screw1
104, (1.66, -2.17, -15.00), (0.60697, 0.09499, 0.17912, 0.76843), (64.00, 56.00, 63.00), 2.371794, Screw5
105, (3.43, -1.62, -15.00), (0.74155, -0.23246, 0.19047, 0.59982), (78.00, 179.00, 214.00), 1.683081, Screw5
106, (-3.66, -2.82, -15.00), (0.76539, 0.61624, -0.16896, 0.07664), (19.00, 190.00, 104.00), 1.087223, Screw5
106, (4.85, 1.99, -15.00), (-0.27649, 0.51056, -0.78060, 0.23140), (42.00, 64.00, 240.00), 0.7136613, Screw1
106, (-5.06, -0.57, -15.00), (-0.64232, -0.02354, 0.21706, 0.73468), (291.00, 299.00, 77.00), 2.301818, Screw3
107, (-1.37, -1.76, -15.00), (-0.37683, 0.16076, 0.57247, 0.71023), (314.00, 343.00, 85.00), 2.271006, Screw2
108, (-3.00, 1.11, -15.00), (0.66596, -0.50963, -0.53033, 0.12459), (338.00, 244.00, 241.00), 1.883227, Screw4
108, (3.88, -2.46, -15.00), (-0.67910, 0.17125, 0.19472, 0.68672), (272.00, 303.00, 87.00), 2.90827, Screw2
109, (4.51, 0.44, -15.00), (0.67372, 0.36655, 0.14938, 0.62404), (47.00, 105.00, 86.00), 1.29244, Screw5
110, (-2.98, -0.04, -15.00), (-0.54352, -0.61032, -0.52530, 0.23697), (296.00, 140.00, 109.00), 1.010436, Screw2
110, (-0.51, 1.76, -15.00), (-0.14391, -0.44806, 0.35649, 0.80712), (5.00, 304.00, 45.00), 1.41902, Screw3
110, (-4.89, 0.97, -15.00), (0.66211, -0.70907, -0.21056, 0.12040), (352.00, 207.00, 272.00), 2.134226, Screw4
111, (0.10, 0.15, -15.00), (0.14599, 0.27447, -0.92189, 0.23122), (35.00, 350.00, 205.00), 2.689909, Screw3
111, (0.74, -0.62, -15.00), (0.02332, -0.39395, -0.51119, -0.76351), (334.00, 40.00, 58.00), 0.831712, Screw4
112, (0.33, -0.74, -15.00), (0.29841, -0.12285, 0.92018, 0.22163), (21.00, 32.00, 159.00), 1.354133, Screw5
113, (-5.66, 1.07, -15.00), (-0.72092, -0.41566, -0.39263, 0.39159), (297.00, 148.00, 140.00), 1.147393, Screw4
114, (0.12, -0.16, -15.00), (0.67114, -0.20580, 0.24278, 0.66953), (87.00, 74.00, 111.00), 2.174722, Screw5
114, (0.46, -2.77, -15.00), (0.26908, 0.03685, -0.29208, 0.91702), (31.00, 354.00, 323.00), 1.042641, Screw4
115, (-5.97, 2.88, -15.00), (-0.08633, 0.44642, -0.80748, 0.37581), (41.00, 39.00, 245.00), 2.646937, Screw5
115, (-4.70, 0.29, -15.00), (0.20280, -0.44652, 0.73696, -0.46517), (28.00, 54.00, 259.00), 0.7676091, Screw1
116, (4.80, -1.86, -15.00), (-0.19201, 0.61728, 0.02653, 0.76249), (341.00, 80.00, 348.00), 2.332316, Screw4
116, (6.29, 1.56, -15.00), (0.43502, 0.14660, -0.49144, 0.74010), (52.00, 340.00, 283.00), 2.928131, Screw3
116, (-0.66, 0.99, -15.00), (0.36314, -0.01718, -0.76634, 0.52968), (21.00, 322.00, 242.00), 1.364108, Screw2
117, (3.94, -2.60, -15.00), (-0.94106, 0.20209, -0.06486, 0.26337), (332.00, 165.00, 208.00), 2.41649, Screw3
117, (3.66, 1.98, -15.00), (-0.64218, 0.09695, 0.11144, 0.75219), (279.00, 1.00, 16.00), 1.948235, Screw4
119, (-1.66, 2.86, -15.00), (0.69595, -0.29167, 0.25956, 0.60267), (82.00, 176.00, 222.00), 0.6318896, Screw4
120, (-6.14, 0.42, -15.00), (0.10456, 0.70063, 0.70450, 0.04321), (282.00, 91.00, 94.00), 2.848476, Screw2
120, (0.31, -1.08, -15.00), (0.45233, -0.82699, -0.15204, 0.29727), (1.00, 219.00, 303.00), 1.449087, Screw5
121, (0.66, -1.52, -15.00), (0.03163, -0.55704, 0.27675, -0.78238), (15.00, 67.00, 331.00), 2.537119, Screw3
121, (2.37, -1.96, -15.00), (0.38359, 0.07564, 0.62638, 0.67438), (25.00, 40.00, 95.00), 2.373198, Screw2
121, (0.53, 2.59, -15.00), (-0.57480, -0.48387, 0.45094, -0.48181), (82.00, 202.00, 119.00), 0.7378473, Screw1
122, (-5.80, 1.21, -15.00), (-0.45851, -0.86697, -0.18395, -0.06559), (345.00, 163.00, 58.00), 2.426674, Screw1
122, (6.11, 2.06, -15.00), (0.71345, 0.16638, -0.41712, 0.53788), (65.00, 260.00, 210.00), 2.960875, Screw4
124, (4.43, -2.91, -15.00), (0.33217, 0.69521, 0.15786, 0.61760), (11.00, 101.00, 42.00), 1.427747, Screw5
124, (5.95, 2.18, -15.00), (0.29849, -0.91268, -0.27899, -0.00970), (329.00, 190.00, 321.00), 1.617829, Screw1
125, (-6.77, -0.91, -15.00), (0.46852, -0.74793, 0.38630, 0.26806), (56.00, 184.00, 298.00), 0.6637473, Screw2
125, (-4.92, -1.03, -15.00), (-0.55355, -0.72226, -0.00727, 0.41457), (332.00, 222.00, 64.00), 2.702421, Screw5
126, (-2.02, 1.13, -15.00), (-0.58841, -0.26492, -0.41629, 0.64053), (283.00, 42.00, 260.00), 1.532685, Screw2
126, (6.24, 0.48, -15.00), (0.22145, -0.77141, 0.59584, -0.02929), (65.00, 133.00, 297.00), 2.935043, Screw5
126, (1.41, 2.12, -15.00), (0.54486, -0.80779, -0.18649, -0.12579), (334.00, 180.00, 292.00), 1.073323, Screw4
127, (1.64, -0.79, -15.00), (-0.71250, 0.42206, -0.30838, 0.46810), (336.00, 114.00, 257.00), 0.7039373, Screw3
127, (-3.29, -1.42, -15.00), (-0.49782, 0.19859, 0.47712, 0.69649), (298.00, 335.00, 84.00), 1.89012, Screw1
127, (2.62, -1.47, -15.00), (0.55567, -0.72848, 0.37880, -0.13062), (24.00, 138.00, 276.00), 2.56841, Screw2
128, (-3.75, 0.09, -15.00), (0.64988, 0.21784, 0.71346, -0.14553), (330.00, 86.00, 175.00), 2.400576, Screw4
128, (-1.07, 0.04, -15.00), (-0.57050, 0.60067, 0.38949, 0.40252), (292.00, 174.00, 277.00), 1.567699, Screw5
128, (2.63, 0.70, -15.00), (-0.01461, -0.58545, 0.58545, 0.56061), (42.00, 295.00, 65.00), 1.198611, Screw2
130, (-0.33, -1.71, -15.00), (0.45452, 0.69412, 0.54168, 0.13492), (321.00, 119.00, 90.00), 0.6781983, Screw2
130, (6.83, -1.45, -15.00), (0.54582, -0.24910, -0.50726, 0.61865), (25.00, 288.00, 263.00), 2.898459, Screw1
131, (1.90, -1.40, -15.00), (0.18542, 0.63719, 0.35479, 0.65858), (348.00, 83.00, 46.00), 1.54961, Screw4
131, (-0.91, -1.12, -15.00), (0.31647, 0.02776, 0.93818, 0.13744), (2.00, 37.00, 164.00), 1.383249, Screw1
131, (-5.58, 2.87, -15.00), (0.53409, -0.19372, 0.08154, 0.81888), (65.00, 327.00, 350.00), 1.554677, Screw3
132, (-0.68, -2.87, -15.00), (0.91414, 0.09465, 0.26424, 0.29253), (29.00, 142.00, 158.00), 2.162455, Screw5
132, (-2.14, -0.27, -15.00), (-0.56525, 0.01884, 0.31239, 0.76325), (299.00, 318.00, 70.00), 0.8078588, Screw4
132, (-6.49, -0.71, -15.00), (-0.79443, -0.59969, -0.08177, -0.05074), (359.00, 169.00, 106.00), 2.05124, Screw2
133, (-5.01, -0.43, -15.00), (-0.58608, 0.04118, -0.02901, 0.80869), (289.00, 18.00, 343.00), 2.526766, Screw2
133, (-1.61, 1.49, -15.00), (-0.37074, 0.28907, 0.87539, -0.11259), (335.00, 308.00, 207.00), 1.773541, Screw4
134, (-1.51, -2.86, -15.00), (-0.84039, -0.53620, 0.04949, -0.06149), (9.00, 181.00, 115.00), 2.899135, Screw2
135, (1.33, 1.19, -15.00), (-0.54463, 0.65044, -0.10895, 0.51811), (335.00, 119.00, 295.00), 0.8052101, Screw1
137, (0.70, 1.87, -15.00), (0.14047, -0.86408, -0.48318, -0.01303), (303.00, 192.00, 335.00), 1.76629, Screw1
137, (-3.65, 1.10, -15.00), (0.26527, -0.65639, -0.65012, -0.27590), (271.00, 98.00, 37.00), 1.43767, Screw3
138, (1.16, 2.40, -15.00), (-0.58411, -0.32233, -0.49279, 0.55864), (284.00, 63.00, 226.00), 1.564668, Screw2
138, (-0.71, -0.55, -15.00), (0.31686, -0.33064, -0.48031, 0.74805), (9.00, 306.00, 290.00), 1.524544, Screw1
139, (5.05, -1.59, -15.00), (0.70028, 0.53572, 0.05139, 0.46901), (37.00, 134.00, 89.00), 2.964371, Screw1
139, (-1.72, 0.01, -15.00), (0.72313, -0.09679, 0.16045, 0.66481), (83.00, 122.00, 143.00), 1.751087, Screw4
139, (-4.22, -1.34, -15.00), (-0.55294, -0.45966, -0.48573, 0.49703), (275.00, 113.00, 163.00), 1.273111, Screw5
140, (2.18, 0.26, -15.00), (-0.62953, -0.30018, -0.41486, 0.58436), (280.00, 81.00, 218.00), 0.6527959, Screw5
140, (4.89, 0.31, -15.00), (-0.63005, 0.32751, 0.30341, 0.63539), (272.00, 104.00, 309.00), 1.232483, Screw3
140, (-3.22, 1.63, -15.00), (0.64638, -0.39495, 0.61980, 0.20509), (49.00, 103.00, 203.00), 1.567657, Screw2
141, (1.68, 2.28, -15.00), (-0.47918, -0.53676, -0.28606, 0.63281), (294.00, 265.00, 22.00), 2.227922, Screw2
141, (5.35, -0.59, -15.00), (-0.58984, -0.75366, -0.01097, 0.28977), (339.00, 207.00, 71.00), 1.140256, Screw3
141, (0.67, -2.73, -15.00), (0.57503, 0.17690, -0.36810, 0.70891), (71.00, 328.00, 282.00), 0.9197886, Screw1
142, (-2.75, -2.80, -15.00), (-0.64816, -0.14712, 0.14712, 0.73253), (295.00, 286.00, 74.00), 0.9348164, Screw3
142, (1.23, 0.51, -15.00), (-0.12727, -0.24034, -0.10151, 0.95694), (343.00, 333.00, 352.00), 1.813394, Screw5
143, (2.72, -0.20, -15.00), (0.46748, 0.29248, -0.55756, 0.62052), (65.00, 338.00, 262.00), 2.316097, Screw4
144, (-3.55, 2.32, -15.00), (-0.67537, 0.60179, 0.34302, 0.25309), (311.00, 194.00, 257.00), 1.473921, Screw5
144, (-1.69, 1.97, -15.00), (-0.71131, -0.49133, 0.25897, 0.43078), (339.00, 238.00, 99.00), 1.303381, Screw2
145, (-0.14, 1.67, -15.00), (-0.13462, 0.59919, 0.39380, 0.68394), (319.00, 71.00, 30.00), 0.8361068, Screw3
145, (2.99, -1.86, -15.00), (0.33490, 0.61227, -0.63622, 0.32893), (88.00, 318.00, 194.00), 2.194231, Screw4
146, (-5.10, -0.71, -15.00), (0.92369, 0.32190, 0.11987, -0.16973), (337.00, 173.00, 143.00), 1.548206, Screw2
146, (-4.93, 2.25, -15.00), (0.49351, 0.59865, 0.15185, 0.61238), (25.00, 103.00, 59.00), 1.179923, Screw3
146, (1.20, -0.72, -15.00), (0.83156, -0.01664, 0.54539, 0.10381), (11.00, 113.00, 175.00), 1.845233, Screw1
147, (-1.63, -0.38, -15.00), (0.83665, 0.01211, -0.40346, 0.37026), (39.00, 239.00, 201.00), 1.249174, Screw4
147, (-5.46, 2.24, -15.00), (0.46918, -0.81744, -0.15003, 0.29859), (2.00, 219.00, 301.00), 2.856292, Screw3
147, (-2.68, -1.39, -15.00), (0.80444, 0.46078, 0.05615, 0.37068), (33.00, 149.00, 111.00), 0.9478109, Screw5
148, (6.92, 2.14, -15.00), (0.82631, -0.09747, 0.22286, 0.50798), (62.00, 145.00, 172.00), 1.293572, Screw3
148, (-1.77, -2.61, -15.00), (0.24522, 0.25412, -0.74597, 0.56464), (41.00, 354.00, 252.00), 2.675698, Screw4
149, (-2.53, -1.20, -15.00), (-0.73104, -0.35954, -0.17260, 0.55364), (291.00, 204.00, 111.00), 1.799677, Screw3
149, (1.06, 0.90, -15.00), (0.01543, 0.64862, 0.73644, -0.19157), (286.00, 305.00, 252.00), 1.312906, Screw4
150, (3.22, -2.55, -15.00), (-0.84465, -0.18853, 0.49239, -0.09256), (20.00, 238.00, 166.00), 2.410648, Screw4
150, (1.24, -1.14, -15.00), (-0.68344, 0.28318, -0.11793, 0.66242), (303.00, 100.00, 274.00), 0.7472963, Screw3
150, (-0.61, -2.68, -15.00), (-0.28097, -0.11170, 0.83664, 0.45674), (356.00, 325.00, 124.00), 1.224313, Screw5
151, (0.30, 2.29, -15.00), (-0.04032, -0.59337, -0.78237, -0.18492), (294.00, 44.00, 124.00), 1.048428, Screw4
152, (1.84, -1.52, -15.00), (-0.18972, 0.89186, -0.29719, 0.28330), (25.00, 137.00, 326.00), 1.05231, Screw5
153, (5.36, 1.56, -15.00), (-0.02239, -0.68486, -0.64342, -0.34128), (300.00, 83.00, 70.00), 2.146629, Screw2
153, (-0.12, 1.89, -15.00), (0.74806, 0.39345, -0.19978, 0.49567), (64.00, 168.00, 117.00), 1.778174, Screw1
154, (-3.87, -1.07, -15.00), (-0.36339, 0.63941, -0.67370, 0.07228), (54.00, 98.00, 253.00), 0.9504948, Screw2
154, (-3.46, 1.20, -15.00), (-0.26447, 0.67390, 0.63689, 0.26512), (273.00, 157.00, 339.00), 2.438658, Screw1
154, (3.77, -1.28, -15.00), (-0.66688, -0.42746, 0.44637, 0.41631), (350.00, 255.00, 107.00), 1.487902, Screw4
155, (0.72, 1.45, -15.00), (-0.51600, 0.56969, 0.30395, 0.56286), (292.00, 119.00, 319.00), 2.051418, Screw4
156, (4.52, 2.93, -15.00), (-0.15583, 0.23857, -0.73205, 0.61879), (9.00, 32.00, 263.00), 1.468416, Screw5
156, (4.37, -1.83, -15.00), (0.62977, 0.35915, 0.65624, 0.20918), (348.00, 93.00, 132.00), 2.943835, Screw1
157, (-4.17, -2.86, -15.00), (-0.08767, 0.63287, -0.74775, -0.18070), (78.00, 332.00, 130.00), 2.495047, Screw3
157, (-6.21, -1.73, -15.00), (0.71202, 0.39124, -0.39370, 0.43008), (67.00, 215.00, 146.00), 1.280508, Screw2
158, (-6.04, -1.34, -15.00), (0.61044, 0.60125, 0.24525, 0.45355), (15.00, 119.00, 82.00), 2.159453, Screw4
158, (6.53, -0.96, -15.00), (0.64590, -0.01585, -0.25649, 0.71887), (67.00, 295.00, 275.00), 2.235429, Screw5
159, (0.48, 2.31, -15.00), (0.47355, 0.77315, -0.30313, -0.29344), (11.00, 229.00, 68.00), 2.188855, Screw5
160, (0.10, -0.76, -15.00), (0.14336, -0.66232, 0.72989, 0.08962), (83.00, 48.00, 209.00), 2.003304, Screw5
161, (3.62, -1.08, -15.00), (-0.10890, 0.53638, 0.55447, 0.62689), (313.00, 54.00, 58.00), 2.677155, Screw3
163, (4.88, 2.85, -15.00), (-0.73307, 0.24155, 0.55668, 0.30721), (314.00, 254.00, 181.00), 1.647435, Screw1
163, (6.73, -2.44, -15.00), (-0.02063, 0.46410, -0.70199, 0.53981), (39.00, 43.00, 271.00), 0.8942182, Screw2
163, (4.33, 2.15, -15.00), (-0.62307, 0.41217, 0.43569, 0.50208), (280.00, 228.00, 206.00), 0.9485301, Screw5
164, (6.88, 1.52, -15.00), (-0.72429, 0.07688, 0.09537, 0.67853), (274.00, 209.00, 165.00), 2.992254, Screw3
164, (-1.28, -0.60, -15.00), (-0.14792, -0.60419, -0.43609, 0.65031), (314.00, 289.00, 326.00), 1.611541, Screw1
164, (-4.24, -2.90, -15.00), (-0.74643, -0.16084, -0.58308, 0.27749), (323.00, 102.00, 186.00), 1.22293, Screw4
165, (2.02, -1.06, -15.00), (-0.22451, -0.87161, -0.31318, 0.30299), (317.00, 212.00, 16.00), 0.754091, Screw2
165, (-1.06, 0.10, -15.00), (0.34884, -0.28893, 0.77590, 0.43910), (49.00, 26.00, 133.00), 1.982883, Screw5
166, (-4.14, -2.53, -15.00), (-0.02282, -0.69694, -0.45970, -0.54994), (322.00, 88.00, 43.00), 1.229251, Screw1
166, (-1.51, 2.39, -15.00), (-0.36372, -0.57485, 0.68384, -0.26385), (78.00, 291.00, 164.00), 1.551171, Screw2
166, (-2.00, -0.42, -15.00), (0.06506, -0.78890, 0.27176, 0.54731), (30.00, 253.00, 13.00), 2.750668, Screw3
167, (1.27, -2.47, -15.00), (0.14263, -0.59124, -0.66009, -0.44088), (295.00, 52.00, 78.00), 1.159708, Screw4
168, (4.15, -1.03, -15.00), (-0.59217, 0.03423, -0.32846, 0.73504), (302.00, 56.00, 279.00), 0.8474462, Screw3
168, (1.34, 1.85, -15.00), (0.45347, 0.57771, -0.42346, 0.53037), (76.00, 109.00, 18.00), 2.930942, Screw1
168, (2.84, 1.17, -15.00), (0.62685, 0.40392, -0.33363, 0.57672), (83.00, 157.00, 94.00), 2.946432, Screw4
169, (-0.27, 1.12, -15.00), (0.59343, -0.36139, -0.54813, 0.46561), (9.00, 272.00, 252.00), 2.578863, Screw2
170, (-2.15, 2.91, -15.00), (-0.56569, 0.74130, -0.31049, -0.18455), (42.00, 174.00, 283.00), 1.37955, Screw1
170, (-3.05, 2.92, -15.00), (-0.53201, 0.76690, 0.08388, 0.34900), (330.00, 149.00, 299.00), 2.380035, Screw3
171, (2.82, -2.00, -15.00), (-0.69606, 0.11633, 0.27097, 0.65463), (283.00, 271.00, 121.00), 0.7642264, Screw4
171, (5.14, -2.72, -15.00), (0.63769, 0.20820, 0.01437, 0.74148), (70.00, 73.00, 57.00), 2.094826, Screw2
172, (-3.87, 1.08, -15.00), (0.45034, -0.42300, 0.42847, 0.65930), (73.00, 324.00, 39.00), 2.007598, Screw1
172, (-4.78, 1.39, -15.00), (-0.13001, -0.87323, 0.46603, -0.05821), (56.00, 182.00, 18.00), 2.679317, Screw5
173, (0.54, 1.16, -15.00), (0.18029, -0.55692, -0.77490, 0.23844), (309.00, 300.00, 245.00), 2.515169, Screw1
173, (-3.39, 2.69, -15.00), (-0.61532, -0.29720, -0.01339, 0.72998), (295.00, 279.00, 55.00), 1.594974, Screw4
174, (-3.60, 0.77, -15.00), (0.61001, -0.53039, 0.58731, -0.04052), (35.00, 112.00, 238.00), 1.949314, Screw4
174, (5.76, -0.23, -15.00), (0.30395, 0.79973, -0.49710, -0.14472), (45.00, 229.00, 63.00), 2.578858, Screw2
174, (-2.59, -2.16, -15.00), (-0.77841, 0.15157, 0.26657, 0.54777), (291.00, 224.00, 171.00), 1.457679, Screw5
175, (6.48, -2.84, -15.00), (-0.07344, 0.46369, -0.13812, 0.87208), (0.00, 56.00, 342.00), 1.870225, Screw2
176, (6.40, -2.40, -15.00), (-0.36762, 0.23919, -0.77424, 0.45628), (2.00, 52.00, 242.00), 2.317325, Screw5
176, (4.54, 0.42, -15.00), (0.43713, -0.03881, 0.89834, -0.01989), (3.00, 52.00, 184.00), 1.607784, Screw1
177, (1.00, -0.43, -15.00), (0.21659, 0.39063, -0.79897, 0.40268), (53.00, 357.00, 232.00), 2.149041, Screw5
178, (1.35, 0.48, -15.00), (-0.77984, -0.05784, 0.46808, 0.41158), (324.00, 254.00, 144.00), 0.6690989, Screw2
178, (-5.93, -1.28, -15.00), (0.02057, -0.41007, -0.84832, 0.33432), (317.00, 335.00, 233.00), 1.685336, Screw4
178, (6.34, -1.68, -15.00), (0.14845, 0.74513, -0.61341, 0.21557), (78.00, 138.00, 348.00), 1.172401, Screw3
179, (1.87, -2.53, -15.00), (-0.27460, 0.64856, -0.65795, -0.26658), (89.00, 63.00, 198.00), 2.494132, Screw5
179, (0.48, -2.54, -15.00), (0.39272, -0.84496, -0.00562, 0.36302), (16.00, 220.00, 316.00), 1.350417, Screw4
180, (-4.93, 2.86, -15.00), (-0.39077, 0.60843, 0.59048, 0.35839), (273.00, 209.00, 267.00), 1.781609, Screw3
181, (0.33, 1.11, -15.00), (0.47564, -0.22526, -0.12745, -0.84070), (301.00, 30.00, 0.00), 2.386007, Screw3
182, (3.23, 0.35, -15.00), (0.38647, 0.41568, -0.63444, -0.52472), (7.00, 291.00, 96.00), 1.999507, Screw4
182, (-4.42, 0.81, -15.00), (-0.40532, 0.58656, 0.57888, 0.39567), (271.00, 197.00, 274.00), 0.7330599, Screw1
183, (-3.61, -2.03, -15.00), (0.28927, -0.67356, -0.63643, -0.24000), (275.00, 211.00, 285.00), 2.171406, Screw5
184, (-3.29, 1.84, -15.00), (0.64064, 0.45167, 0.05465, 0.61853), (48.00, 110.00, 75.00), 1.761675, Screw1
184, (-6.47, -2.74, -15.00), (0.25851, 0.72854, 0.63408, -0.01872), (291.00, 123.00, 80.00), 1.320818, Screw3
185, (4.73, -1.85, -15.00), (-0.56515, -0.37117, 0.69674, -0.23958), (52.00, 278.00, 172.00), 1.171119, Screw1
185, (-0.97, -2.79, -15.00), (-0.34239, -0.26700, -0.81855, 0.37612), (316.00, 30.00, 217.00), 2.882246, Screw3
186, (-0.80, 2.65, -15.00), (-0.21011, 0.93333, 0.00906, 0.29097), (352.00, 147.00, 337.00), 0.9862338, Screw3
186, (4.72, -2.35, -15.00), (0.23864, -0.87430, 0.40935, 0.10531), (50.00, 179.00, 329.00), 1.2679, Screw5
186, (5.02, -0.89, -15.00), (-0.86277, 0.09818, 0.31788, 0.38070), (314.00, 223.00, 174.00), 1.447459, Screw4
187, (1.93, 2.14, -15.00), (0.17566, 0.81510, 0.09576, 0.54368), (2.00, 113.00, 23.00), 2.250721, Screw3
188, (5.85, -1.30, -15.00), (0.43869, -0.11371, -0.44894, 0.77011), (35.00, 316.00, 285.00), 0.6818542, Screw1
188, (-1.79, 0.25, -15.00), (-0.65547, -0.52212, -0.51389, 0.18347), (309.00, 130.00, 128.00), 2.875233, Screw4
189, (0.70, -0.15, -15.00), (-0.40344, -0.79151, -0.35806, 0.28730), (307.00, 196.00, 46.00), 1.42071, Screw4
189, (-4.93, 1.46, -15.00), (0.36199, -0.54777, -0.71094, -0.25193), (286.00, 300.00, 188.00), 2.702576, Screw1
189, (3.84, 2.55, -15.00), (-0.54338, -0.29927, 0.12581, 0.77418), (310.00, 291.00, 54.00), 0.6280492, Screw5
190, (6.31, 0.32, -15.00), (-0.56602, 0.75922, -0.31872, 0.04027), (26.00, 152.00, 280.00), 1.20628, Screw2
191, (-4.16, 0.38, -15.00), (0.91174, 0.02977, 0.37162, 0.17247), (17.00, 134.00, 169.00), 0.7329197, Screw2
191, (-0.32, 2.49, -15.00), (0.02390, -0.43906, -0.89806, 0.01223), (308.00, 355.00, 184.00), 1.873307, Screw1
192, (3.00, 0.26, -15.00), (0.61582, -0.52495, -0.54671, 0.21514), (342.00, 251.00, 248.00), 2.303268, Screw5
192, (6.98, 2.41, -15.00), (-0.01512, 0.12735, -0.81633, -0.56317), (13.00, 353.00, 110.00), 1.241727, Screw4
192, (4.50, 0.58, -15.00), (0.46032, 0.37988, -0.79446, 0.11244), (45.00, 294.00, 166.00), 2.893799, Screw2
193, (-1.85, 2.64, -15.00), (0.74944, -0.20007, -0.06749, 0.62750), (66.00, 240.00, 251.00), 1.926572, Screw5
193, (-4.33, 0.09, -15.00), (-0.66907, 0.39915, -0.40914, 0.47501), (342.00, 103.00, 256.00), 0.711376, Screw2
193, (-0.90, 0.47, -15.00), (0.54461, 0.41479, -0.40567, 0.60562), (85.00, 44.00, 333.00), 1.466669, Screw1
194, (1.47, 1.92, -15.00), (-0.22970, -0.78058, 0.57474, 0.08726), (59.00, 231.00, 63.00), 2.746456, Screw2
194, (6.59, 2.50, -15.00), (0.78167, 0.41436, 0.15474, 0.43972), (34.00, 133.00, 109.00), 0.9399911, Screw5
194, (0.25, -1.07, -15.00), (0.60147, 0.43734, -0.50190, 0.44167), (76.00, 244.00, 160.00), 0.7544581, Screw3
195, (4.34, -1.49, -15.00), (-0.38927, -0.14072, -0.87637, 0.24627), (334.00, 43.00, 201.00), 2.724759, Screw1
195, (1.25, -1.35, -15.00), (0.40030, -0.13313, 0.56172, 0.71169), (46.00, 22.00, 86.00), 2.841729, Screw4
196, (-3.83, 0.09, -15.00), (-0.23007, -0.46693, -0.85235, 0.05035), (305.00, 37.00, 167.00), 2.710881, Screw5
196, (-5.98, -1.74, -15.00), (0.45830, -0.03453, -0.51269, 0.72520), (39.00, 318.00, 274.00), 2.062684, Screw4
196, (6.76, -1.88, -15.00), (-0.91474, -0.06152, -0.00734, 0.39927), (313.00, 183.00, 171.00), 0.9321948, Screw3
197, (-5.17, 1.12, -15.00), (0.31313, -0.33196, 0.84029, -0.29267), (22.00, 51.00, 229.00), 2.527081, Screw4
197, (2.50, 2.09, -15.00), (-0.03209, 0.72928, -0.66296, 0.16614), (73.00, 103.00, 294.00), 0.9154536, Screw3
197, (-5.21, 1.34, -15.00), (0.47177, 0.18076, 0.54140, 0.67204), (26.00, 57.00, 92.00), 2.501099, Screw5
198, (1.09, 1.66, -15.00), (0.57142, -0.76341, -0.16546, 0.25159), (2.00, 215.00, 287.00), 1.931943, Screw1
198, (-3.70, 0.22, -15.00), (0.56028, 0.45713, -0.42293, 0.54611), (87.00, 151.00, 74.00), 2.38921, Screw3
199, (4.32, -1.27, -15.00), (0.46028, -0.36633, 0.64720, 0.48485), (67.00, 38.00, 132.00), 1.815096, Screw4
200, (-5.61, -2.49, -15.00), (0.59488, 0.13056, 0.59446, 0.52507), (28.00, 73.00, 118.00), 1.472804, Screw2
200, (1.15, 0.65, -15.00), (0.44564, -0.50229, -0.27133, 0.68956), (20.00, 276.00, 299.00), 1.893522, Screw4
202, (3.29, -1.86, -15.00), (0.80103, -0.08819, 0.44324, 0.39258), (45.00, 115.00, 163.00), 1.208954, Screw1
202, (1.13, -0.25, -15.00), (0.27987, 0.28744, -0.88428, -0.23895), (22.00, 317.00, 141.00), 1.867612, Screw5
202, (-5.51, 1.14, -15.00), (0.21599, 0.82970, -0.49675, -0.13486), (50.00, 223.00, 50.00), 0.9177089, Screw2
203, (-6.64, -0.69, -15.00), (0.48835, -0.22755, -0.31192, -0.78258), (295.00, 7.00, 39.00), 1.493616, Screw4
203, (-1.25, -1.46, -15.00), (0.48533, 0.01489, 0.82992, 0.27470), (14.00, 57.00, 151.00), 2.423987, Screw3
204, (-5.92, -2.84, -15.00), (-0.44353, 0.28033, -0.85020, 0.04318), (26.00, 60.00, 201.00), 1.467508, Screw3
205, (-5.77, -1.18, -15.00), (0.25340, -0.66014, 0.46390, 0.53366), (62.00, 270.00, 20.00), 2.413393, Screw5
206, (-0.38, 1.32, -15.00), (-0.47117, -0.40300, 0.20858, 0.75636), (327.00, 286.00, 56.00), 2.677342, Screw3
206, (5.57, 1.10, -15.00), (-0.39001, -0.70116, -0.46863, 0.36966), (289.00, 208.00, 38.00), 0.7283558, Screw4
206, (3.56, -0.24, -15.00), (-0.58605, -0.21109, 0.37839, 0.68470), (320.00, 287.00, 88.00), 2.096288, Screw2
207, (-6.09, 2.69, -15.00), (-0.72707, -0.26606, -0.18022, 0.60672), (282.00, 197.00, 126.00), 0.9817967, Screw4
208, (-3.02, 1.94, -15.00), (0.24367, 0.25266, -0.85906, 0.37257), (38.00, 343.00, 221.00), 1.149429, Screw5
208, (0.17, 2.29, -15.00), (-0.66240, -0.74010, -0.10150, 0.05639), (347.00, 177.00, 84.00), 2.472815, Screw4
209, (-1.77, 0.95, -15.00), (0.55959, -0.40971, 0.39082, 0.60519), (86.00, 303.00, 12.00), 0.844061, Screw3
209, (6.36, -2.45, -15.00), (-0.66949, 0.44424, 0.19677, 0.56189), (292.00, 141.00, 274.00), 1.932575, Screw2
210, (-6.23, 1.80, -15.00), (0.63119, 0.75926, 0.07952, 0.13711), (3.00, 162.00, 79.00), 1.082538, Screw3
212, (2.16, 0.49, -15.00), (-0.28526, 0.83986, -0.13917, 0.44033), (359.00, 125.00, 323.00), 2.702883, Screw3
212, (1.32, 0.87, -15.00), (-0.16625, 0.19125, 0.10057, 0.96212), (339.00, 21.00, 8.00), 2.462026, Screw1
212, (-5.15, 0.82, -15.00), (-0.52461, 0.46486, -0.47220, -0.53453), (89.00, 355.00, 78.00), 1.562253, Screw2
213, (0.65, 2.03, -15.00), (-0.07605, -0.17316, 0.63193, 0.75160), (6.00, 339.00, 79.00), 0.7067851, Screw4
213, (4.81, 0.88, -15.00), (0.08914, -0.22624, -0.86329, -0.44226), (332.00, 3.00, 125.00), 2.632621, Screw3
213, (-4.47, -1.63, -15.00), (0.14827, -0.48428, 0.76068, 0.40602), (59.00, 341.00, 113.00), 2.051085, Screw5
214, (5.75, -2.94, -15.00), (-0.39028, 0.17705, -0.58965, 0.68458), (341.00, 48.00, 270.00), 1.590453, Screw2
214, (5.63, 0.55, -15.00), (-0.41951, -0.30366, 0.22477, -0.82539), (56.00, 34.00, 348.00), 1.154423, Screw5
216, (4.98, 1.79, -15.00), (-0.12444, 0.61218, -0.77948, -0.04643), (75.00, 32.00, 198.00), 1.809397, Screw3
216, (5.35, 2.09, -15.00), (-0.24868, 0.68058, 0.64363, 0.24642), (273.00, 163.00, 336.00), 2.102673, Screw1
216, (-2.42, -0.83, -15.00), (-0.81202, 0.27446, 0.34659, 0.38100), (306.00, 217.00, 198.00), 2.353671, Screw4
217, (-5.57, 0.37, -15.00), (-0.20346, -0.76031, -0.25338, -0.56243), (351.00, 104.00, 37.00), 1.034679, Screw5
218, (4.24, 0.20, -15.00), (-0.29092, 0.33350, -0.20077, 0.87398), (338.00, 49.00, 324.00), 1.639459, Screw3
218, (1.90, -1.34, -15.00), (-0.88031, 0.06752, -0.06752, 0.46469), (306.00, 162.00, 198.00), 2.984492, Screw5
218, (-5.18, 0.23, -15.00), (-0.63491, 0.16468, 0.09185, 0.74922), (281.00, 43.00, 338.00), 2.518739, Screw4
219, (6.78, -1.58, -15.00), (-0.28063, -0.79819, -0.51600, 0.13373), (296.00, 170.00, 45.00), 0.9687412, Screw2
220, (3.46, -2.62, -15.00), (0.59235, -0.31123, 0.66961, 0.32230), (53.00, 80.00, 174.00), 1.855802, Screw2
221, (2.85, -1.24, -15.00), (0.71353, -0.41203, 0.53120, 0.19733), (46.00, 121.00, 213.00), 1.005357, Screw2
221, (6.48, -1.52, -15.00), (-0.20692, -0.42793, 0.87950, 0.02317), (48.00, 325.00, 161.00), 0.7893222, Screw4
222, (-2.89, -1.31, -15.00), (-0.55861, 0.43667, 0.45319, 0.54027), (272.00, 261.00, 177.00), 1.68023, Screw4
223, (2.65, 2.48, -15.00), (0.38746, -0.02984, -0.15461, 0.90834), (44.00, 346.00, 335.00), 2.988528, Screw5
223, (-6.79, 2.81, -15.00), (0.30095, -0.19438, -0.54799, 0.75588), (14.00, 320.00, 283.00), 0.8907758, Screw4
224, (-0.61, -2.10, -15.00), (0.56574, -0.01003, 0.32044, 0.75971), (60.00, 44.00, 72.00), 1.251595, Screw2
224, (-5.72, -1.01, -15.00), (0.81121, 0.35407, 0.07231, 0.45973), (44.00, 142.00, 117.00), 1.507125, Screw4
225, (-4.93, 1.60, -15.00), (-0.45421, 0.47452, -0.41782, 0.62766), (350.00, 82.00, 284.00), 1.940841, Screw5
225, (-4.68, 0.70, -15.00), (0.26568, -0.31359, -0.86553, 0.28626), (337.00, 316.00, 226.00), 0.9287899, Screw2
225, (3.21, 0.36, -15.00), (0.07071, 0.55135, 0.81449, 0.16622), (299.00, 38.00, 134.00), 0.8884921, Screw1
226, (2.92, 2.43, -15.00), (0.68754, 0.44259, 0.20433, 0.53819), (34.00, 114.00, 92.00), 0.8341069, Screw2
226, (3.08, -0.18, -15.00), (0.36460, 0.65082, -0.56543, 0.35183), (83.00, 158.00, 39.00), 2.678921, Screw3
227, (-6.38, -0.37, -15.00), (-0.63221, -0.02825, -0.33999, 0.69564), (296.00, 63.00, 266.00), 0.9165462, Screw5
227, (-4.16, -0.42, -15.00), (-0.24511, -0.03981, -0.80904, 0.53272), (341.00, 22.00, 243.00), 2.417591, Screw4
228, (-4.36, -1.67, -15.00), (0.48335, -0.77861, -0.06783, 0.39439), (16.00, 225.00, 303.00), 1.699658, Screw3
228, (-4.58, -1.09, -15.00), (0.28800, 0.34322, 0.48040, 0.75398), (6.00, 53.00, 68.00), 2.634156, Screw2
228, (-4.75, -0.66, -15.00), (-0.59034, -0.11095, 0.06250, 0.79705), (292.00, 318.00, 38.00), 1.631886, Screw4
229, (-1.54, -0.58, -15.00), (0.43739, 0.28907, -0.72602, 0.44501), (54.00, 320.00, 222.00), 2.89515, Screw1
230, (-2.05, 2.28, -15.00), (0.55662, -0.32250, 0.28242, 0.71162), (77.00, 320.00, 11.00), 1.487787, Screw5
230, (0.13, 2.72, -15.00), (-0.05580, -0.34053, 0.90036, -0.26511), (40.00, 6.00, 215.00), 2.398429, Screw4
231, (3.36, -1.74, -15.00), (0.69181, 0.49586, 0.50320, 0.14936), (343.00, 118.00, 119.00), 0.6837444, Screw5
231, (-1.16, -2.96, -15.00), (-0.02173, -0.36929, 0.71210, 0.59672), (30.00, 327.00, 91.00), 0.7824466, Screw2
232, (1.59, 1.39, -15.00), (-0.53125, -0.10202, 0.66796, 0.51108), (336.00, 297.00, 120.00), 1.268343, Screw2
233, (-3.98, -2.03, -15.00), (-0.34524, -0.65814, -0.62477, 0.23942), (279.00, 132.00, 97.00), 1.261103, Screw4
233, (2.75, -2.08, -15.00), (-0.26237, 0.66314, -0.36719, 0.59714), (10.00, 91.00, 307.00), 1.543301, Screw2
233, (-1.32, 2.93, -15.00), (0.37697, 0.18664, -0.81745, 0.39349), (37.00, 324.00, 219.00), 2.500229, Screw5
234, (3.06, -2.95, -15.00), (0.78768, 0.00751, 0.61299, 0.06117), (5.00, 104.00, 175.00), 1.551938, Screw1
235, (6.78, -0.91, -15.00), (-0.69509, -0.57635, 0.34383, -0.25779), (49.00, 196.00, 108.00), 1.473778, Screw2
235, (3.03, -0.32, -15.00), (-0.16506, -0.56133, -0.41366, 0.69754), (316.00, 296.00, 327.00), 1.648068, Screw1
236, (5.88, 2.38, -15.00), (0.56015, -0.48332, 0.46168, 0.48937), (84.00, 155.00, 239.00), 0.7761612, Screw4
236, (-5.77, 2.67, -15.00), (0.72842, 0.21585, -0.11278, 0.64039), (79.00, 144.00, 117.00), 1.884969, Screw1
237, (5.43, -0.15, -15.00), (-0.49376, 0.75278, 0.13813, 0.41284), (322.00, 142.00, 307.00), 1.960869, Screw4
237, (-5.98, -1.01, -15.00), (0.42232, 0.77364, 0.15385, 0.44660), (8.00, 124.00, 53.00), 2.179417, Screw3
238, (6.23, 2.66, -15.00), (-0.55853, -0.35460, -0.26073, 0.70308), (284.00, 301.00, 7.00), 1.273324, Screw1
239, (-3.63, 2.68, -15.00), (0.09809, -0.33198, 0.85217, 0.39240), (40.00, 353.00, 128.00), 2.554048, Screw3
239, (-2.89, -1.09, -15.00), (0.36415, 0.12776, -0.82201, 0.41878), (31.00, 325.00, 224.00), 1.798626, Screw1
239, (3.99, 0.54, -15.00), (0.53946, 0.26693, -0.34699, 0.71926), (74.00, 2.00, 310.00), 2.453947, Screw2
240, (1.63, 0.37, -15.00), (-0.21166, -0.43835, -0.86165, -0.14353), (316.00, 43.00, 143.00), 1.011865, Screw2
240, (6.65, 2.20, -15.00), (-0.66272, 0.01778, 0.17758, 0.72729), (284.00, 300.00, 76.00), 2.56513, Screw5
241, (0.07, -1.18, -15.00), (0.58558, 0.37898, -0.33810, 0.63178), (85.00, 72.00, 11.00), 2.202367, Screw1
242, (-2.30, -2.62, -15.00), (0.57341, 0.08593, -0.27338, 0.76752), (68.00, 331.00, 301.00), 2.050992, Screw2
243, (1.63, 1.35, -15.00), (-0.78232, -0.53510, 0.20033, 0.24800), (350.00, 216.00, 108.00), 2.100935, Screw5
243, (-3.01, 0.14, -15.00), (-0.60621, 0.24821, 0.39031, 0.64696), (282.00, 313.00, 101.00), 2.828477, Screw4
244, (3.50, 2.40, -15.00), (0.00628, -0.82351, -0.06776, 0.56321), (354.00, 249.00, 355.00), 1.068998, Screw1
244, (4.66, 2.65, -15.00), (0.03578, -0.85540, -0.51660, 0.01183), (298.00, 187.00, 351.00), 2.819172, Screw3
244, (-0.97, 1.71, -15.00), (0.77316, 0.45243, -0.30264, 0.32548), (51.00, 196.00, 127.00), 2.041664, Screw2
245, (6.41, -1.98, -15.00), (0.19758, -0.48833, 0.81779, -0.23178), (45.00, 51.00, 234.00), 2.057552, Screw3
245, (-5.40, 1.87, -15.00), (-0.23308, -0.02104, 0.02104, -0.97200), (27.00, 2.00, 358.00), 2.042703, Screw1
246, (1.05, -1.08, -15.00), (-0.01491, 0.26694, 0.96013, 0.08166), (329.00, 1.00, 170.00), 2.474063, Screw1
246, (5.12, 2.79, -15.00), (-0.19282, -0.47565, 0.83071, 0.21562), (45.00, 312.00, 130.00), 1.59284, Screw5
248, (-6.67, -2.92, -15.00), (0.60301, 0.22554, -0.57739, 0.50212), (60.00, 290.00, 218.00), 1.209101, Screw1
248, (1.48, -0.60, -15.00), (0.51719, 0.43468, 0.47350, -0.56513), (275.00, 359.00, 281.00), 1.53936, Screw3
249, (5.50, -2.41, -15.00), (-0.40065, 0.90772, -0.07329, 0.10073), (3.00, 166.00, 312.00), 2.750535, Screw5
250, (4.98, -1.31, -15.00), (-0.81780, 0.42883, -0.32072, 0.21083), (356.00, 135.00, 237.00), 2.995448, Screw5
250, (5.43, -1.24, -15.00), (0.81154, 0.55169, 0.14264, 0.12922), (3.00, 158.00, 111.00), 1.244479, Screw4
251, (6.09, -1.86, -15.00), (-0.43929, -0.27134, 0.48373, 0.70668), (339.00, 300.00, 81.00), 1.096939, Screw4
251, (5.62, 1.94, -15.00), (-0.74484, -0.05904, -0.07625, 0.66024), (277.00, 163.00, 186.00), 2.476402, Screw1
252, (6.55, -0.88, -15.00), (0.13824, -0.40336, 0.61149, -0.66654), (18.00, 48.00, 283.00), 2.637119, Screw2
252, (4.63, 0.05, -15.00), (-0.95182, 0.19815, 0.03193, 0.23184), (333.00, 178.00, 204.00), 0.9277081, Screw1
253, (-1.65, -2.99, -15.00), (-0.07100, 0.62885, 0.74026, -0.22699), (296.00, 297.00, 256.00), 1.59379, Screw4
254, (2.29, 0.22, -15.00), (-0.00296, -0.25539, -0.35041, -0.90110), (350.00, 28.00, 40.00), 2.440362, Screw4
254, (-1.19, 2.58, -15.00), (-0.26398, -0.54100, 0.38872, 0.69752), (3.00, 286.00, 56.00), 0.8567994, Screw5
255, (5.64, 2.62, -15.00), (0.05456, 0.70096, 0.71040, -0.03176), (272.00, 71.00, 116.00), 1.350856, Screw5
255, (4.68, -1.86, -15.00), (-0.47211, -0.25223, -0.61460, 0.57945), (301.00, 34.00, 247.00), 2.615708, Screw4
256, (-3.55, -0.18, -15.00), (0.22595, 0.15070, 0.89128, 0.36313), (354.00, 31.00, 134.00), 0.8003237, Screw1
256, (-0.57, 0.08, -15.00), (-0.26086, 0.89683, 0.28174, -0.21970), (337.00, 216.00, 320.00), 1.865693, Screw5
257, (0.05, -2.78, -15.00), (-0.62608, -0.65293, -0.37666, -0.19961), (346.00, 131.00, 94.00), 0.620666, Screw4
258, (-6.94, -0.95, -15.00), (0.76984, -0.31296, 0.39734, 0.38927), (58.00, 136.00, 199.00), 2.845863, Screw1
258, (1.47, -2.20, -15.00), (0.26767, -0.68685, -0.18933, 0.64865), (5.00, 265.00, 322.00), 2.243921, Screw5
259, (0.09, 2.06, -15.00), (0.75611, 0.29628, -0.53948, 0.22245), (41.00, 245.00, 164.00), 1.733549, Screw5
259, (5.70, -2.12, -15.00), (0.02748, -0.07551, -0.53672, 0.83993), (358.00, 351.00, 295.00), 1.747063, Screw1
260, (-0.79, 1.25, -15.00), (-0.35463, 0.39501, 0.70322, 0.47295), (297.00, 344.00, 122.00), 1.504877, Screw5
260, (0.52, 0.24, -15.00), (0.71210, 0.59672, 0.02173, 0.36929), (30.00, 147.00, 91.00), 2.188851, Screw4
261, (-6.37, -0.57, -15.00), (0.14806, -0.00893, -0.28216, 0.94783), (16.00, 354.00, 326.00), 2.728725, Screw5
261, (6.86, 0.22, -15.00), (0.49990, 0.24046, -0.81159, 0.18331), (35.00, 298.00, 184.00), 2.487382, Screw2
262, (2.24, 1.61, -15.00), (0.86456, 0.01011, -0.25399, 0.43350), (49.00, 221.00, 198.00), 2.560016, Screw2
262, (4.82, 0.46, -15.00), (0.08826, -0.03272, 0.80300, 0.58849), (9.00, 6.00, 108.00), 2.118085, Screw3
263, (-6.93, -2.05, -15.00), (-0.60216, 0.32695, -0.32566, -0.65150), (86.00, 331.00, 26.00), 2.624278, Screw3
263, (3.72, -2.66, -15.00), (0.35278, -0.90155, -0.23605, -0.08390), (331.00, 181.00, 317.00), 1.884585, Screw4
264, (1.75, -0.99, -15.00), (0.29200, -0.38145, 0.84012, 0.25187), (52.00, 29.00, 161.00), 2.834121, Screw3
264, (-4.89, -0.65, -15.00), (-0.01028, -0.54998, -0.71808, 0.42635), (307.00, 311.00, 267.00), 2.426642, Screw5
264, (-4.19, -1.44, -15.00), (0.47955, 0.10424, 0.78088, 0.38652), (12.00, 58.00, 134.00), 0.9764111, Screw4
265, (2.05, 0.92, -15.00), (-0.31624, -0.66053, -0.63461, 0.24691), (276.00, 134.00, 93.00), 0.8730755, Screw1
265, (-3.34, 2.38, -15.00), (0.75076, -0.07257, -0.63817, 0.15438), (8.00, 262.00, 198.00), 0.8776766, Screw5
265, (4.31, -0.27, -15.00), (-0.50010, 0.22241, 0.73204, 0.40564), (313.00, 306.00, 147.00), 1.064227, Screw2
266, (-2.55, -1.79, -15.00), (-0.32975, -0.31951, -0.83685, 0.29810), (313.00, 32.00, 205.00), 2.956215, Screw3
266, (2.24, 2.06, -15.00), (-0.78343, 0.15679, 0.53869, 0.26732), (324.00, 250.00, 177.00), 1.929873, Screw1
267, (0.26, 0.86, -15.00), (0.65649, 0.24840, 0.42137, 0.57425), (33.00, 89.00, 105.00), 2.776892, Screw3
267, (6.53, -1.07, -15.00), (-0.73801, -0.39822, 0.46918, 0.27681), (358.00, 246.00, 122.00), 1.418438, Screw2
267, (1.63, 0.16, -15.00), (-0.90826, 0.22439, 0.04316, 0.35050), (319.00, 174.00, 210.00), 1.789928, Screw4
268, (-0.97, 0.84, -15.00), (-0.30858, -0.61686, 0.05742, 0.72178), (338.00, 273.00, 30.00), 1.220049, Screw3
269, (1.46, 2.76, -15.00), (0.28676, 0.14588, -0.00558, 0.94681), (33.00, 19.00, 5.00), 2.748145, Screw5
270, (-4.36, -1.83, -15.00), (0.83435, -0.06316, 0.23180, 0.49613), (59.00, 141.00, 166.00), 2.431813, Screw3
271, (1.23, 1.38, -15.00), (-0.08005, 0.70256, -0.08005, -0.70256), (13.00, 270.00, 0.00), 1.472344, Screw3
271, (1.85, 1.89, -15.00), (-0.18419, 0.11396, 0.54435, 0.81041), (335.00, 359.00, 68.00), 2.405642, Screw1
271, (-4.98, -2.68, -15.00), (0.10234, -0.47501, 0.70747, 0.51321), (51.00, 327.00, 92.00), 2.544024, Screw5
272, (0.42, 2.80, -15.00), (-0.62417, -0.42146, -0.38772, 0.53147), (278.00, 165.00, 125.00), 0.7793344, Screw2
272, (-0.20, -2.75, -15.00), (0.06550, 0.80573, 0.36990, -0.45792), (319.00, 246.00, 342.00), 1.985147, Screw3
273, (-6.61, -0.42, -15.00), (-0.51747, -0.24762, -0.36291, 0.73430), (290.00, 2.00, 306.00), 1.122205, Screw3
273, (-6.90, -2.23, -15.00), (-0.73778, -0.44524, -0.02016, 0.50699), (310.00, 221.00, 98.00), 0.692337, Screw5
273, (0.58, -1.38, -15.00), (0.63802, -0.18655, 0.28407, 0.69097), (81.00, 42.00, 81.00), 2.480613, Screw4
274, (-5.29, 0.97, -15.00), (0.15762, 0.81951, -0.52558, 0.16531), (66.00, 165.00, 12.00), 0.7494756, Screw5
274, (0.40, -2.12, -15.00), (-0.53892, 0.30237, 0.48075, 0.62210), (286.00, 329.00, 99.00), 2.995736, Screw4
274, (-3.01, -2.38, -15.00), (-0.31778, 0.68300, -0.62325, -0.20998), (80.00, 141.00, 277.00), 2.036969, Screw1
274, (5.81, 0.13, -15.00), (-0.91199, 0.38580, -0.12473, 0.06233), (359.00, 164.00, 226.00), 2.391897, Screw2
275, (-2.15, 1.71, -15.00), (-0.85780, -0.16110, 0.42476, 0.24044), (344.00, 237.00, 150.00), 2.686698, Screw2
276, (-4.26, -2.29, -15.00), (0.62817, 0.48033, -0.29166, 0.53817), (73.00, 149.00, 82.00), 1.492046, Screw3
276, (6.78, -2.90, -15.00), (0.71861, -0.40977, 0.56126, -0.02599), (25.00, 114.00, 223.00), 2.406532, Screw2
277, (1.43, -1.89, -15.00), (-0.12886, 0.70385, -0.69527, -0.06777), (85.00, 106.00, 270.00), 1.996575, Screw4
277, (1.35, -1.18, -15.00), (-0.45597, 0.35189, 0.76646, 0.28425), (307.00, 304.00, 169.00), 2.140922, Screw5
277, (-2.26, -0.63, -15.00), (0.19715, -0.20242, 0.95488, 0.09140), (25.00, 22.00, 174.00), 0.6212208, Screw2
278, (-5.37, 2.06, -15.00), (-0.85345, -0.38907, 0.34079, -0.06411), (22.00, 215.00, 138.00), 0.7263582, Screw1
278, (6.06, -2.47, -15.00), (0.51038, -0.36296, -0.35243, 0.69539), (27.00, 284.00, 285.00), 1.431216, Screw3
278, (4.14, 2.82, -15.00), (0.77360, -0.31012, -0.49117, 0.25323), (5.00, 247.00, 227.00), 1.459641, Screw4
279, (-6.69, 0.95, -15.00), (0.30936, 0.70472, -0.42173, 0.47939), (63.00, 114.00, 4.00), 2.648225, Screw1
279, (-3.36, -0.29, -15.00), (0.18050, 0.57383, -0.72300, -0.33973), (45.00, 293.00, 99.00), 2.061142, Screw4
280, (-0.90, -1.59, -15.00), (0.39800, -0.59179, -0.29537, 0.63572), (9.00, 269.00, 301.00), 2.414481, Screw2
281, (1.64, 2.25, -15.00), (0.83123, 0.53157, -0.16160, -0.01963), (8.00, 197.00, 116.00), 2.850027, Screw4
282, (0.48, -1.34, -15.00), (-0.80931, 0.05190, 0.22283, 0.54100), (296.00, 224.00, 159.00), 2.226709, Screw3
283, (6.96, -0.11, -15.00), (0.23401, 0.26781, 0.26781, 0.89543), (16.00, 39.00, 39.00), 1.731022, Screw2
283, (-4.64, -0.10, -15.00), (-0.27788, 0.53196, -0.67318, -0.43200), (73.00, 343.00, 102.00), 1.92985, Screw5
283, (5.28, -2.95, -15.00), (0.03577, -0.54438, -0.78889, 0.28288), (303.00, 318.00, 243.00), 2.526871, Screw4
284, (7.00, -2.79, -15.00), (-0.55289, -0.58570, -0.29419, 0.51451), (294.00, 223.00, 58.00), 1.899634, Screw1
285, (-2.33, 0.89, -15.00), (0.95215, -0.15404, -0.08043, 0.25141), (27.00, 195.00, 202.00), 2.54694, Screw3
285, (1.90, -1.88, -15.00), (-0.33158, 0.62357, 0.64674, 0.28800), (274.00, 272.00, 216.00), 2.102962, Screw5
285, (4.91, 0.09, -15.00), (0.04465, 0.17748, 0.33117, 0.92565), (358.00, 21.00, 39.00), 2.442058, Screw2
286, (2.09, 0.52, -15.00), (0.08151, -0.78597, -0.50321, -0.34984), (302.00, 118.00, 25.00), 1.170721, Screw2
287, (-0.36, -1.80, -15.00), (-0.50741, 0.58930, 0.18642, 0.60042), (304.00, 112.00, 318.00), 1.006778, Screw2
288, (-0.85, -2.25, -15.00), (0.15348, -0.80809, -0.52780, 0.21180), (308.00, 235.00, 310.00), 2.95999, Screw2
288, (-5.49, -0.06, -15.00), (-0.20811, 0.55741, -0.32190, 0.73645), (3.00, 73.00, 315.00), 1.462856, Screw5
289, (0.09, 0.67, -15.00), (0.89507, -0.09121, 0.37994, 0.21489), (27.00, 134.00, 180.00), 1.14951, Screw3
290, (-0.71, -0.61, -15.00), (-0.35885, 0.41004, 0.58745, -0.59833), (357.00, 294.00, 273.00), 1.088394, Screw3
290, (5.60, 1.96, -15.00), (0.69147, 0.49882, 0.42968, 0.29735), (359.00, 117.00, 109.00), 1.290664, Screw2
291, (-5.18, -2.37, -15.00), (-0.14215, 0.69543, 0.68783, 0.15187), (271.00, 116.00, 40.00), 2.473857, Screw4
291, (2.41, -0.52, -15.00), (0.79881, 0.30614, -0.10558, 0.50699), (61.00, 163.00, 128.00), 2.365877, Screw2
292, (2.41, 1.67, -15.00), (0.80494, 0.28968, 0.44863, 0.25862), (9.00, 118.00, 135.00), 0.8392413, Screw3
293, (-3.81, 0.23, -15.00), (-0.66071, -0.23397, -0.23809, 0.67234), (271.00, 0.00, 321.00), 1.634632, Screw1
293, (-1.20, 2.83, -15.00), (0.14798, 0.10635, 0.37034, 0.91084), (11.00, 18.00, 46.00), 2.145139, Screw2
293, (6.04, -0.92, -15.00), (0.44875, -0.12206, 0.57758, 0.67092), (48.00, 32.00, 96.00), 0.60378, Screw4
294, (1.37, -0.82, -15.00), (-0.36500, -0.65356, -0.46197, 0.47562), (288.00, 247.00, 7.00), 2.954597, Screw4
294, (-6.06, 1.14, -15.00), (-0.69943, 0.60358, 0.24497, 0.29409), (315.00, 179.00, 262.00), 1.631969, Screw2
295, (-1.48, 2.56, -15.00), (-0.53517, -0.62520, -0.06206, 0.56468), (317.00, 241.00, 55.00), 1.821246, Screw1
295, (3.74, 2.49, -15.00), (-0.27471, 0.04608, 0.54468, 0.79103), (331.00, 345.00, 73.00), 0.740783, Screw2
296, (0.39, -2.39, -15.00), (0.30487, 0.43378, -0.68102, 0.50508), (64.00, 3.00, 255.00), 2.57243, Screw4
296, (-1.37, 1.47, -15.00), (0.68605, -0.13306, 0.26675, 0.66368), (79.00, 83.00, 116.00), 0.915126, Screw1
297, (-6.38, -0.93, -15.00), (0.20430, -0.60843, -0.62128, -0.44954), (290.00, 59.00, 65.00), 2.139442, Screw5
297, (5.25, 1.69, -15.00), (0.29554, -0.91754, -0.22964, 0.13431), (340.00, 204.00, 320.00), 1.7019, Screw1
298, (-1.64, -1.89, -15.00), (0.00612, -0.80744, -0.42707, -0.40694), (316.00, 115.00, 28.00), 2.953351, Screw1
298, (6.35, -2.38, -15.00), (0.01253, 0.15266, 0.78594, 0.59903), (347.00, 12.00, 104.00), 1.073515, Screw4
299, (4.14, -2.39, -15.00), (-0.68781, -0.03975, 0.31271, 0.65387), (299.00, 276.00, 107.00), 1.495063, Screw1
300, (3.24, -2.81, -15.00), (0.21180, 0.67093, 0.70601, -0.08087), (281.00, 87.00, 117.00), 2.122133, Screw2
300, (4.90, 0.97, -15.00), (0.20647, -0.63785, 0.68860, 0.27632), (83.00, 326.00, 106.00), 1.703301, Screw5
301, (2.79, -1.19, -15.00), (0.09705, 0.85624, -0.39553, -0.31777), (38.00, 232.00, 32.00), 0.7017817, Screw5
301, (5.62, 2.79, -15.00), (0.15545, 0.81390, 0.55325, -0.08561), (292.00, 175.00, 25.00), 1.419731, Screw4
302, (-2.77, 0.34, -15.00), (-0.45931, 0.31887, 0.15722, 0.81403), (302.00, 45.00, 356.00), 2.181738, Screw1
302, (0.30, -1.19, -15.00), (0.59859, -0.35168, 0.27780, 0.66396), (82.00, 285.00, 338.00), 1.625639, Screw3
303, (-5.29, 2.98, -15.00), (-0.71283, -0.46414, -0.32461, 0.41362), (297.00, 170.00, 120.00), 1.751474, Screw5
303, (-1.16, 1.32, -15.00), (-0.61695, -0.33591, -0.36038, 0.61373), (272.00, 68.00, 233.00), 0.9839464, Screw4
304, (-1.90, -0.43, -15.00), (-0.60012, 0.29468, 0.58182, 0.46316), (296.00, 284.00, 155.00), 1.405849, Screw3
304, (-2.01, -0.37, -15.00), (-0.27047, 0.28276, 0.88269, -0.26030), (339.00, 318.00, 221.00), 2.962771, Screw5
305, (-3.31, -2.27, -15.00), (-0.18954, 0.89840, 0.00348, 0.39615), (351.00, 134.00, 340.00), 2.699478, Screw1
305, (6.86, -3.00, -15.00), (0.46030, 0.13492, 0.22639, 0.84775), (46.00, 39.00, 47.00), 1.646373, Screw3
305, (3.50, -2.71, -15.00), (0.26937, -0.25742, 0.74331, 0.55558), (43.00, 9.00, 110.00), 2.868918, Screw2
306, (-3.42, 0.14, -15.00), (0.25296, -0.49683, -0.51085, -0.65437), (303.00, 46.00, 50.00), 1.967792, Screw5
306, (5.02, 1.69, -15.00), (-0.45720, -0.83148, -0.20372, 0.24105), (326.00, 195.00, 53.00), 2.863989, Screw1
306, (-3.64, 2.86, -15.00), (-0.00518, 0.88657, -0.33337, 0.32068), (36.00, 135.00, 344.00), 2.92729, Screw2
307, (0.98, -0.44, -15.00), (-0.30711, -0.59917, 0.62940, -0.38798), (83.00, 40.00, 279.00), 1.695498, Screw2
307, (-3.24, 0.86, -15.00), (0.79095, -0.03156, -0.06818, 0.60725), (73.00, 210.00, 207.00), 2.236732, Screw5
307, (-3.12, -2.88, -15.00), (-0.24782, 0.54993, -0.51167, -0.61184), (60.00, 303.00, 45.00), 2.050356, Screw4
308, (-1.81, -0.81, -15.00), (-0.24110, -0.51450, 0.58855, -0.57512), (62.00, 41.00, 294.00), 2.363792, Screw4
308, (6.19, -0.30, -15.00), (-0.70076, -0.40382, -0.52971, -0.25548), (356.00, 108.00, 123.00), 1.979571, Screw5
309, (-3.02, -1.13, -15.00), (0.23734, 0.35924, 0.51431, 0.74169), (359.00, 51.00, 69.00), 0.7663636, Screw2
309, (-4.25, 0.41, -15.00), (0.56428, -0.40713, 0.38320, 0.60744), (86.00, 297.00, 5.00), 2.881422, Screw4
310, (-1.18, -1.66, -15.00), (-0.61142, 0.63804, 0.24183, 0.40075), (307.00, 159.00, 283.00), 1.891114, Screw1
310, (-0.01, -0.51, -15.00), (0.01553, 0.35280, -0.18848, -0.91639), (6.00, 319.00, 21.00), 2.402531, Screw3
310, (0.10, 2.18, -15.00), (-0.26716, -0.01025, 0.96108, 0.06954), (359.00, 329.00, 172.00), 2.824995, Screw4
311, (5.47, -0.22, -15.00), (-0.66014, 0.25340, 0.25340, 0.66014), (270.00, 42.00, 0.00), 1.159491, Screw1
312, (-3.98, -0.54, -15.00), (0.49211, -0.54895, -0.42393, 0.52608), (3.00, 265.00, 279.00), 0.874011, Screw1
313, (-2.76, -0.75, -15.00), (0.23380, 0.56571, 0.67493, -0.41203), (287.00, 329.00, 266.00), 2.465669, Screw4
313, (-6.57, 0.96, -15.00), (-0.07075, -0.34160, 0.93699, -0.01866), (40.00, 351.00, 179.00), 1.838908, Screw5
313, (1.68, -0.87, -15.00), (0.29989, 0.17306, 0.07816, -0.93488), (324.00, 340.00, 357.00), 1.114668, Screw1
314, (-6.07, -0.65, -15.00), (0.84874, 0.35109, -0.39355, 0.03869), (20.00, 223.00, 143.00), 1.404137, Screw4
314, (6.48, 2.93, -15.00), (-0.97374, 0.16253, -0.13481, 0.08508), (353.00, 163.00, 200.00), 2.350103, Screw2
314, (6.45, 0.52, -15.00), (-0.06755, 0.27781, -0.24026, -0.92765), (15.00, 330.00, 25.00), 0.7828369, Screw5
315, (-6.56, 0.55, -15.00), (-0.21963, 0.64375, 0.15564, 0.71633), (329.00, 85.00, 356.00), 1.696156, Screw3
315, (0.59, 2.66, -15.00), (-0.36048, 0.37809, 0.29247, 0.80097), (307.00, 41.00, 19.00), 1.292327, Screw1
316, (3.82, -2.59, -15.00), (0.36777, 0.34235, -0.47779, 0.72060), (59.00, 16.00, 302.00), 0.8546122, Screw5
316, (4.20, -1.05, -15.00), (-0.21588, 0.82848, 0.49057, 0.16236), (298.00, 173.00, 335.00), 2.213861, Screw3
317, (0.18, 0.25, -15.00), (0.13824, -0.76959, -0.02150, 0.62302), (8.00, 257.00, 346.00), 1.145115, Screw1
317, (-3.48, -0.68, -15.00), (-0.28658, -0.72379, -0.15544, 0.60814), (325.00, 255.00, 16.00), 2.085628, Screw4
317, (6.00, -2.50, -15.00), (0.80159, 0.23805, 0.20372, 0.50919), (46.00, 125.00, 122.00), 1.760176, Screw3
318, (-2.94, -0.13, -15.00), (0.02641, 0.51294, -0.17604, 0.83976), (13.00, 61.00, 344.00), 2.252502, Screw5
318, (-3.99, -2.63, -15.00), (-0.32478, -0.58453, -0.73232, 0.12865), (290.00, 72.00, 146.00), 0.8196722, Screw4
319, (-5.16, 0.41, -15.00), (-0.24234, 0.94943, -0.10718, 0.16845), (7.00, 158.00, 330.00), 2.28004, Screw5
320, (6.61, 0.05, -15.00), (0.34474, -0.18368, -0.20778, -0.89680), (316.00, 15.00, 20.00), 0.8297158, Screw1
321, (-0.12, 1.54, -15.00), (0.27204, 0.88898, 0.15175, 0.33569), (355.00, 137.00, 36.00), 1.105772, Screw4
321, (-0.06, 0.23, -15.00), (-0.34265, -0.70957, -0.39349, 0.47357), (298.00, 239.00, 14.00), 2.837929, Screw1
322, (2.53, 1.51, -15.00), (-0.94349, 0.23524, -0.22651, 0.05648), (0.00, 153.00, 208.00), 1.082835, Screw3
322, (0.95, -0.61, -15.00), (0.54554, -0.34625, -0.12908, 0.75222), (47.00, 284.00, 303.00), 2.887702, Screw4
322, (-4.27, -2.73, -15.00), (0.30058, -0.45079, 0.31844, 0.77784), (49.00, 309.00, 20.00), 1.32773, Screw5
323, (-2.58, -0.86, -15.00), (-0.83127, 0.48987, -0.26074, -0.03221), (18.00, 155.00, 237.00), 1.182541, Screw5
323, (-0.11, -1.23, -15.00), (-0.57567, 0.64640, -0.49217, 0.09238), (32.00, 126.00, 260.00), 1.126443, Screw1
323, (-6.45, 2.14, -15.00), (0.57537, -0.77342, 0.02401, 0.26495), (20.00, 204.00, 291.00), 2.296092, Screw2
325, (-5.73, -0.94, -15.00), (0.46696, -0.16234, -0.22471, -0.83970), (301.00, 7.00, 26.00), 1.282144, Screw2
326, (-6.30, 1.08, -15.00), (-0.35209, -0.41960, -0.38902, 0.74070), (302.00, 319.00, 328.00), 2.197077, Screw1
327, (6.44, -1.90, -15.00), (-0.91515, -0.01525, -0.29294, 0.27651), (329.00, 142.00, 189.00), 2.28166, Screw2
327, (3.51, -2.46, -15.00), (-0.28644, 0.25420, 0.63688, 0.66912), (315.00, 358.00, 88.00), 1.069637, Screw4
328, (-6.29, 2.46, -15.00), (-0.34601, 0.21497, 0.91304, 0.02050), (336.00, 317.00, 187.00), 2.218506, Screw1
328, (-3.22, 2.88, -15.00), (-0.87633, 0.45217, 0.15067, 0.06993), (345.00, 192.00, 233.00), 0.7302175, Screw3
328, (-0.48, 1.27, -15.00), (-0.35100, 0.51368, -0.17293, 0.76356), (339.00, 76.00, 318.00), 1.875067, Screw5
330, (-6.63, 1.09, -15.00), (-0.83754, -0.17993, 0.14503, 0.49510), (309.00, 222.00, 135.00), 2.006009, Screw4
330, (-6.55, 1.91, -15.00), (0.26186, 0.80628, -0.44165, 0.29376), (60.00, 151.00, 19.00), 1.979046, Screw3
331, (-0.97, -1.61, -15.00), (0.05347, -0.05250, -0.17054, 0.98250), (5.00, 353.00, 340.00), 2.502124, Screw2
331, (4.25, -1.92, -15.00), (0.23156, -0.95501, 0.18502, 0.01076), (21.00, 176.00, 332.00), 1.601713, Screw1
332, (-4.25, 0.09, -15.00), (0.72758, 0.08544, -0.01303, 0.68056), (83.00, 127.00, 119.00), 1.653534, Screw1
332, (3.40, 0.28, -15.00), (-0.22487, -0.68211, -0.49039, 0.49364), (297.00, 266.00, 337.00), 2.658685, Screw5
333, (6.33, -2.33, -15.00), (-0.53383, -0.28143, -0.58747, 0.53917), (295.00, 50.00, 232.00), 2.407656, Screw5
334, (4.61, -2.61, -15.00), (0.59413, -0.41191, 0.37864, 0.57790), (87.00, 210.00, 278.00), 2.183834, Screw4
334, (4.17, -1.32, -15.00), (0.62596, 0.27869, -0.31862, 0.65497), (86.00, 331.00, 281.00), 1.660796, Screw5
335, (1.95, -2.95, -15.00), (0.53613, -0.28514, 0.05844, 0.79237), (62.00, 304.00, 333.00), 1.119186, Screw4
335, (3.50, 0.34, -15.00), (-0.34566, -0.32834, -0.77026, 0.42358), (307.00, 25.00, 225.00), 2.198561, Screw5
336, (0.41, -0.06, -15.00), (-0.06767, 0.60527, -0.46005, 0.64609), (28.00, 73.00, 310.00), 1.534076, Screw4
336, (-0.64, 0.63, -15.00), (-0.14443, -0.70362, -0.14956, 0.67948), (336.00, 268.00, 0.00), 2.354243, Screw3
336, (0.36, -0.69, -15.00), (0.15313, -0.64190, -0.62182, 0.42174), (318.00, 280.00, 284.00), 1.901596, Screw5
336, (3.67, -0.96, -15.00), (0.42796, -0.53637, -0.53798, -0.48963), (275.00, 48.00, 51.00), 0.7930149, Screw1
337, (-4.81, 2.08, -15.00), (0.50636, 0.10862, 0.00144, 0.85545), (60.00, 22.00, 13.00), 0.7665637, Screw5
337, (-6.82, 0.34, -15.00), (-0.38082, 0.59889, 0.69854, 0.09140), (295.00, 269.00, 231.00), 1.15486, Screw2
338, (-6.39, 1.92, -15.00), (0.33903, -0.68917, 0.52028, 0.37339), (76.00, 222.00, 341.00), 1.236826, Screw2
338, (-4.50, 0.45, -15.00), (-0.59602, -0.74437, 0.24413, -0.17628), (35.00, 182.00, 78.00), 1.699508, Screw1
338, (-6.03, -0.62, -15.00), (-0.01528, -0.69073, 0.34792, -0.63373), (30.00, 87.00, 331.00), 2.170405, Screw5
339, (3.34, -1.83, -15.00), (-0.57245, 0.51390, -0.62156, 0.14792), (28.00, 102.00, 241.00), 0.8056509, Screw4
339, (-6.07, 2.24, -15.00), (-0.63395, 0.13102, 0.60727, 0.46061), (312.00, 284.00, 144.00), 1.154009, Screw5
341, (-6.16, -1.58, -15.00), (0.19871, -0.75825, 0.62093, -0.00488), (70.00, 132.00, 296.00), 2.995021, Screw1
342, (-3.14, 0.19, -15.00), (0.11926, 0.84830, -0.50701, 0.09540), (62.00, 175.00, 13.00), 1.835975, Screw1
345, (3.84, 2.14, -15.00), (-0.33834, -0.87670, -0.10658, 0.32490), (336.00, 213.00, 35.00), 2.32724, Screw1
345, (-6.61, 2.90, -15.00), (0.07222, 0.40383, -0.71934, -0.56059), (30.00, 320.00, 93.00), 2.88825, Screw2
346, (3.08, -2.23, -15.00), (-0.84744, 0.52730, -0.01386, 0.06005), (355.00, 175.00, 244.00), 0.724353, Screw3
347, (-5.76, 0.34, -15.00), (0.75744, 0.32797, -0.06259, 0.56107), (63.00, 143.00, 110.00), 2.748181, Screw4
349, (6.55, 2.03, -15.00), (-0.09786, -0.16233, 0.48980, -0.85098), (19.00, 11.00, 302.00), 1.531955, Screw5
350, (6.88, 0.66, -15.00), (0.00137, -0.76306, -0.44772, 0.46614), (317.00, 257.00, 325.00), 1.06443, Screw2
350, (5.10, 1.41, -15.00), (-0.32082, -0.30519, 0.41272, 0.79599), (345.00, 309.00, 62.00), 0.7759441, Screw3
351, (-5.31, -2.04, -15.00), (0.80317, 0.19637, 0.33902, 0.44880), (36.00, 117.00, 130.00), 1.670054, Screw5
352, (0.40, -2.84, -15.00), (-0.86522, 0.20145, -0.29146, -0.35478), (47.00, 148.00, 192.00), 2.281719, Screw4
352, (-2.29, -2.49, -15.00), (0.20075, 0.72550, -0.46060, 0.47031), (59.00, 105.00, 344.00), 1.246698, Screw2
352, (0.65, 2.10, -15.00), (0.69065, -0.33314, 0.56425, 0.30601), (53.00, 107.00, 191.00), 2.233752, Screw1
353, (-0.89, -2.29, -15.00), (-0.42509, 0.47214, -0.25848, 0.72772), (338.00, 78.00, 303.00), 2.259758, Screw1
353, (6.90, -1.46, -15.00), (-0.74780, 0.30837, -0.53041, 0.25372), (357.00, 108.00, 227.00), 1.238047, Screw3
353, (3.15, -1.49, -15.00), (0.64378, 0.33681, -0.20189, 0.65677), (79.00, 107.00, 62.00), 2.490464, Screw4
354, (-0.57, 1.50, -15.00), (0.36252, 0.02721, 0.32394, 0.87344), (38.00, 21.00, 48.00), 1.694364, Screw5
354, (-1.36, -2.86, -15.00), (-0.21531, -0.97401, -0.02360, -0.06622), (359.00, 172.00, 25.00), 1.40635, Screw2
354, (6.42, 1.24, -15.00), (-0.59863, 0.53389, 0.57095, 0.17499), (305.00, 240.00, 230.00), 2.166012, Screw3
355, (0.00, -0.39, -15.00), (0.16063, 0.17645, -0.83483, 0.49610), (27.00, 354.00, 240.00), 1.077625, Screw1
355, (1.15, -0.61, -15.00), (0.84363, -0.49649, 0.01443, 0.20391), (21.00, 191.00, 243.00), 2.082486, Screw2
356, (-0.63, 0.42, -15.00), (-0.17646, 0.79912, 0.55513, 0.14866), (290.00, 173.00, 340.00), 2.093676, Screw3
357, (-4.57, 1.86, -15.00), (0.46593, -0.72387, -0.22239, 0.45767), (6.00, 241.00, 298.00), 2.790742, Screw5
359, (2.84, 2.05, -15.00), (0.53478, -0.46521, -0.59172, -0.38400), (286.00, 269.00, 189.00), 2.810385, Screw3
359, (-3.67, -0.78, -15.00), (-0.24082, 0.94757, -0.19816, 0.06959), (20.00, 166.00, 329.00), 2.039089, Screw1
359, (-0.93, 1.13, -15.00), (0.71160, 0.07340, -0.00051, 0.69874), (84.00, 103.00, 97.00), 1.964384, Screw5
360, (3.55, 0.15, -15.00), (0.46511, -0.09439, 0.60762, 0.63683), (45.00, 39.00, 104.00), 2.407105, Screw2
360, (-5.63, 0.03, -15.00), (0.10858, 0.47403, 0.08885, 0.86926), (6.00, 58.00, 15.00), 0.7681266, Screw4
360, (6.20, 2.84, -15.00), (-0.57676, 0.43688, 0.40404, 0.55967), (273.00, 154.00, 279.00), 1.227897, Screw1
361, (-4.25, 1.41, -15.00), (0.41699, -0.74980, 0.01720, 0.51344), (27.00, 238.00, 317.00), 2.85376, Screw5
363, (5.10, -1.43, -15.00), (-0.75160, 0.60232, -0.21720, -0.15857), (30.00, 171.00, 255.00), 2.814368, Screw3
363, (4.24, -2.66, -15.00), (-0.70624, -0.60855, 0.29344, -0.21162), (41.00, 192.00, 103.00), 0.9460042, Screw5
364, (3.62, 2.58, -15.00), (-0.05705, -0.94468, -0.09133, 0.30982), (348.00, 216.00, 3.00), 2.54998, Screw2
365, (-1.36, 1.97, -15.00), (0.59292, 0.09051, -0.46379, 0.65204), (59.00, 303.00, 255.00), 2.348921, Screw3
366, (1.54, -1.87, -15.00), (-0.03065, -0.47868, -0.69190, -0.53963), (321.00, 46.00, 87.00), 2.14364, Screw5
367, (-1.37, -2.80, -15.00), (0.48006, 0.09765, -0.70565, 0.51193), (39.00, 312.00, 234.00), 0.9017389, Screw4
367, (6.45, 2.83, -15.00), (0.13535, 0.43052, -0.87883, 0.15492), (53.00, 350.00, 195.00), 1.490539, Screw2
367, (0.25, -2.72, -15.00), (0.71235, -0.25407, 0.60702, 0.24398), (41.00, 101.00, 185.00), 0.8222955, Screw5
368, (-6.10, 2.11, -15.00), (-0.43313, 0.59263, 0.34192, 0.58676), (294.00, 101.00, 344.00), 1.428065, Screw1
369, (-3.63, 1.48, -15.00), (0.96941, 0.03808, -0.02537, 0.24115), (28.00, 182.00, 176.00), 2.972536, Screw2
369, (-1.16, 2.12, -15.00), (-0.72009, -0.22312, 0.57839, 0.31170), (349.00, 262.00, 136.00), 1.341925, Screw3
369, (6.03, -2.72, -15.00), (0.65560, 0.27231, -0.28024, 0.64614), (89.00, 243.00, 197.00), 2.778492, Screw4
370, (1.69, 2.81, -15.00), (0.05526, -0.15644, -0.22741, 0.95956), (2.00, 341.00, 333.00), 1.709819, Screw3
371, (2.83, -0.43, -15.00), (-0.73562, -0.40759, 0.21225, 0.49769), (326.00, 240.00, 102.00), 1.257349, Screw2
371, (6.48, -1.53, -15.00), (0.18796, -0.26232, 0.39314, 0.86099), (32.00, 339.00, 43.00), 2.459456, Screw1
371, (0.79, -0.01, -15.00), (0.36061, 0.69422, -0.40845, 0.47031), (65.00, 122.00, 16.00), 1.658331, Screw4
372, (-4.85, -1.19, -15.00), (0.65329, -0.37355, -0.37355, -0.54233), (279.00, 212.00, 212.00), 1.087186, Screw2
373, (-6.56, 2.31, -15.00), (-0.00528, 0.13981, -0.46473, -0.87433), (8.00, 346.00, 55.00), 2.405766, Screw5
373, (-6.46, 0.70, -15.00), (0.10374, -0.68660, 0.71208, -0.10374), (73.00, 83.00, 263.00), 0.7124128, Screw3
374, (1.20, -0.40, -15.00), (-0.56151, -0.79862, -0.17240, 0.13112), (335.00, 181.00, 70.00), 1.012288, Screw4
374, (1.36, 0.87, -15.00), (0.64931, -0.63105, -0.04962, 0.42156), (29.00, 223.00, 280.00), 1.214196, Screw2
375, (-4.88, 0.08, -15.00), (-0.54851, 0.10650, 0.82430, 0.09121), (344.00, 293.00, 178.00), 2.810231, Screw1
375, (6.95, 2.55, -15.00), (0.59108, -0.45421, -0.54914, -0.37784), (289.00, 250.00, 202.00), 2.558758, Screw3
376, (-1.38, 0.34, -15.00), (-0.62514, 0.05647, 0.18700, 0.75567), (285.00, 325.00, 55.00), 2.443055, Screw3
377, (-6.84, 2.19, -15.00), (-0.05547, 0.70590, 0.70396, -0.05547), (279.00, 269.00, 271.00), 1.796838, Screw1
377, (4.67, -1.16, -15.00), (0.12324, 0.98501, 0.11137, 0.04658), (348.00, 173.00, 15.00), 2.342162, Screw5
377, (1.15, -1.41, -15.00), (0.38275, -0.45729, -0.60888, 0.52311), (351.00, 287.00, 268.00), 1.070518, Screw2
378, (-2.83, 0.54, -15.00), (-0.41763, 0.24145, 0.81034, 0.33261), (318.00, 316.00, 153.00), 1.040155, Screw3
379, (-1.80, -2.89, -15.00), (0.43829, -0.03504, -0.67742, 0.58973), (28.00, 314.00, 250.00), 2.783893, Screw3
380, (1.66, 1.61, -15.00), (-0.13758, 0.82664, 0.53351, 0.11451), (294.00, 174.00, 345.00), 1.823761, Screw3
380, (4.52, 0.23, -15.00), (0.70601, 0.21180, 0.11588, 0.66578), (63.00, 101.00, 93.00), 0.8778145, Screw4
381, (-1.27, -2.55, -15.00), (-0.67178, 0.33362, 0.20508, 0.62877), (281.00, 131.00, 274.00), 1.450955, Screw3
381, (-6.38, -2.89, -15.00), (0.50947, 0.84341, -0.09949, 0.13857), (18.00, 172.00, 61.00), 1.289382, Screw2
382, (0.56, -0.58, -15.00), (0.56319, -0.37152, 0.50480, 0.53849), (79.00, 62.00, 139.00), 0.6662341, Screw5
382, (4.69, -1.32, -15.00), (-0.42527, 0.78325, 0.42724, 0.15210), (307.00, 192.00, 297.00), 2.635, Screw1
383, (-6.04, -0.58, -15.00), (0.37993, -0.59637, 0.59637, -0.37993), (25.00, 90.00, 270.00), 2.828809, Screw2
383, (-6.90, -2.32, -15.00), (0.14574, 0.50590, 0.79036, -0.31330), (297.00, 349.00, 230.00), 0.9454039, Screw3
383, (2.14, -2.95, -15.00), (0.34333, 0.06178, 0.00588, 0.93716), (40.00, 9.00, 4.00), 2.923867, Screw5
384, (5.71, 1.16, -15.00), (0.55685, 0.61760, -0.33281, 0.44467), (65.00, 155.00, 68.00), 1.025524, Screw2
384, (-5.35, 1.72, -15.00), (-0.99314, -0.09349, 0.02883, 0.06407), (353.00, 184.00, 169.00), 1.642555, Screw4
384, (0.34, 2.98, -15.00), (0.24168, 0.64455, -0.67965, 0.25342), (87.00, 358.00, 219.00), 2.318886, Screw5
385, (-6.45, 2.04, -15.00), (-0.31941, 0.64973, -0.68243, -0.10061), (72.00, 99.00, 244.00), 2.901128, Screw1
385, (-3.04, 1.73, -15.00), (-0.14596, -0.54939, 0.79377, 0.21635), (54.00, 307.00, 121.00), 0.7570338, Screw2
386, (-4.91, 2.40, -15.00), (-0.79292, -0.14385, -0.28281, 0.52019), (295.00, 135.00, 189.00), 1.630823, Screw1
386, (-0.03, 1.20, -15.00), (0.25415, -0.46665, 0.67799, -0.50791), (22.00, 62.00, 267.00), 2.721115, Screw3
387, (5.21, 0.10, -15.00), (0.84822, -0.37758, 0.06429, 0.36581), (42.00, 193.00, 233.00), 0.9972265, Screw5
388, (6.16, 2.95, -15.00), (0.33082, 0.88680, -0.31839, -0.05258), (32.00, 201.00, 47.00), 2.275856, Screw4
388, (2.33, 2.36, -15.00), (-0.28869, 0.16584, -0.30002, -0.89395), (38.00, 351.00, 34.00), 1.546616, Screw1
389, (5.66, 1.96, -15.00), (0.93825, 0.32516, 0.03354, 0.11331), (11.00, 172.00, 141.00), 1.240021, Screw5
389, (2.68, -2.16, -15.00), (0.40825, 0.58890, -0.28707, 0.63570), (59.00, 93.00, 13.00), 2.586874, Screw4
389, (-5.02, 1.06, -15.00), (0.09565, 0.66227, 0.74313, -0.00263), (280.00, 53.00, 135.00), 1.056923, Screw3
390, (6.89, 0.81, -15.00), (0.23312, 0.35424, 0.40880, 0.80812), (5.00, 50.00, 56.00), 0.6519997, Screw4
391, (-0.61, -1.68, -15.00), (-0.28339, -0.83211, -0.09482, 0.46722), (335.00, 233.00, 25.00), 2.52707, Screw2
391, (-2.82, 1.53, -15.00), (0.77050, 0.15554, 0.56118, 0.25927), (13.00, 104.00, 147.00), 1.792049, Screw3
393, (5.17, -1.34, -15.00), (-0.00857, 0.57388, 0.04858, 0.81746), (356.00, 70.00, 4.00), 0.6836661, Screw5
393, (-0.95, 2.28, -15.00), (0.29785, 0.23673, -0.68377, 0.62265), (44.00, 351.00, 261.00), 1.579535, Screw4
394, (6.68, -1.10, -15.00), (0.58283, -0.57478, -0.41858, -0.39334), (290.00, 186.00, 265.00), 0.6169453, Screw2
395, (-3.26, 0.50, -15.00), (0.57114, -0.19807, -0.58201, 0.54390), (23.00, 287.00, 249.00), 0.6699137, Screw5
396, (-3.73, 1.89, -15.00), (-0.49683, 0.62973, -0.58195, -0.13393), (60.00, 125.00, 250.00), 2.795456, Screw5
396, (-4.43, 2.41, -15.00), (0.83871, -0.04975, -0.36935, 0.39708), (39.00, 238.00, 209.00), 0.9620456, Screw1
397, (-3.70, -0.65, -15.00), (-0.86855, -0.29028, 0.35600, -0.18608), (32.00, 217.00, 154.00), 0.7544727, Screw3
398, (-5.88, 2.20, -15.00), (-0.41458, 0.23763, 0.47087, 0.74158), (303.00, 356.00, 67.00), 1.571431, Screw5
398, (3.08, -0.73, -15.00), (-0.65413, 0.22718, 0.19782, 0.69381), (274.00, 54.00, 341.00), 1.345334, Screw3
399, (-5.16, -0.85, -15.00), (-0.49816, 0.85918, 0.11144, -0.03519), (351.00, 190.00, 299.00), 2.697855, Screw5
399, (-3.87, -1.39, -15.00), (-0.14368, 0.67526, -0.66237, -0.29094), (78.00, 283.00, 67.00), 2.150351, Screw1
